"reporter","partner","percentage"
"ARM","GEO",8.38958534233366
"ARM","RUS",91.6104146576664
"ALB","SRB",100
"DZA","CAN",0.422432875416096
"DZA","FRA",0.00168973150166439
"DZA","MLI",11.0609824098951
"DZA","MRT",5.22464980314628
"DZA","NER",83.2801067910309
"DZA","SEN",0.00337946300332877
"DZA","ESP",0.00675892600665754
"ATG","SEN",100
"ARG","BRA",3.44827586206897
"ARG","CHL",0
"ARG","URY",96.551724137931
"ARG","VEN",0
"AUS","BRA",0.395500808158999
"AUS","LKA",9.43269427459213
"AUS","CHN",0.0840439217337873
"AUS","COL",1.977504040795
"AUS","CRI",0.0988752020397498
"AUS","ECU",0.0988752020397498
"AUS","FJI",3.49359047207116
"AUS","PYF",0.0761339055706073
"AUS","GTM",0.1977504040795
"AUS","HKG",0.247188005099374
"AUS","IDN",0.364190327513078
"AUS","JPN",0.766282815808061
"AUS","KOR",0.0494376010198749
"AUS","MYS",61.4440928614094
"AUS","MUS",3.95500808158999
"AUS","MEX",0.0988752020397498
"AUS","NCL",0.0676306381951889
"AUS","VUT",0.1977504040795
"AUS","NZL",9.62475935455434
"AUS","PNG",0.20961542832427
"AUS","PER",0
"AUS","PHL",0.0988752020397498
"AUS","SGP",4.57297809433843
"AUS","THA",0.19379539599791
"AUS","GBR",0.593251212238499
"AUS","USA",1.66130114467188
"AUS","VEN",0
"AUT","CRI",0.00491295355973863
"AUT","AZE",0.921178792450993
"AUT","DNK",0
"AUT","EST",0
"AUT","FRA",0.491602415571347
"AUT","DEU",21.5698054510262
"AUT","BIH",2.46108267383157
"AUT","GRC",0.125894434968302
"AUT","HTI",0.153529798741832
"AUT","HUN",20.9889820210965
"AUT","HRV",4.85839290751075
"AUT","IRL",7.67648993709161e-05
"AUT","ITA",4.33016840096907
"AUT","LVA",0.000307059597483664
"AUT","LTU",0.000307059597483664
"AUT","MLT",0.0168882778616015
"AUT","NLD",0.605153054720806
"AUT","MKD",1.65505123043695
"AUT","NOR",0.122823838993466
"AUT","CZE",5.01316336249389
"AUT","POL",0.427631666095583
"AUT","PRT",0.0307059597483664
"AUT","QAT",0.0276353637735298
"AUT","ROU",10.041024300343
"AUT","RUS",13.5310929291135
"AUT","SLE",0.491295355973863
"AUT","SVN",2.95396181088719
"AUT","SVK",1.46713075677695
"AUT","ESP",0.109006157106701
"AUT","SWE",0.267551262607433
"AUT","CHE",0.326236865071962
"AUT","USA",0.00460589396225496
"AUT","BEL",0.257725355487956
"AUT","SRB",6.52501644652787
"BHS","CAN",0
"BHS","CUB",0
"BHS","HTI",0
"BHS","USA",100
"BHR","IND",0
"BHR","IRQ",0.0150983549982745
"BHR","PAK",24.1573679972392
"BHR","SAU",61.9420798343495
"BHR","ARE",13.8854538134131
"BRB","NLD",1.38840680319334
"BRB","USA",98.6115931968067
"BGD","BRN",0.00144492754972718
"BGD","CAN",0.00321095011050485
"BGD","FRA",0.00160547505525242
"BGD","HRV",8.31459476364678
"BGD","IND",84.1804515430702
"BGD","ITA",0
"BGD","KOR",0
"BGD","MYS",3.11510324970628
"BGD","QAT",0.0481642516575727
"BGD","SVN",4.33478264918154
"BGD","GBR",0.00064219002210097
"BTN","IND",100
"BOL","CHL",NA
"BWA","MWI",0
"BWA","NAM",0.43131028272152
"BWA","ZWE",0.154039386686257
"BWA","ZAF",99.1065715572197
"BWA","ZMB",0.308078773372515
"BRA","ARG",0.0692389270290361
"BRA","AUS",0.00430936308818177
"BRA","BHS",2.3712562847662e-05
"BRA","BHR",0
"BRA","BOL",0.0900550442370096
"BRA","CAN",0.28766816576765
"BRA","CPV",0
"BRA","CHL",0.238074130990526
"BRA","CHN",0.00231329224224969
"BRA","COL",22.1613361677798
"BRA","DOM",0
"BRA","ECU",0.0172311290026344
"BRA","GNQ",0.00039916147460231
"BRA","FRA",0.0658545295405268
"BRA","DEU",14.6276348884573
"BRA","GRC",1.58083752317746e-05
"BRA","GTM",0.0331975879867267
"BRA","GUY",0.000463712340132056
"BRA","HKG",0.000146227470893915
"BRA","IND",0
"BRA","IDN",0
"BRA","IRL",7.90418761588732e-05
"BRA","ISR",0.0374131547152
"BRA","ITA",0.678919795019779
"BRA","JPN",0.00158874171079335
"BRA","PRK",0.0121197543443606
"BRA","KOR",0.0158083752317746
"BRA","LBR",3.16167504635493e-05
"BRA","MAC",0
"BRA","MYS",0.0158083752317746
"BRA","MLT",7.37724177482817e-05
"BRA","MEX",5.45403436506854
"BRA","MOZ",0.00142275377085972
"BRA","NLD",16.844002731521
"BRA","NZL",0.000291576698719399
"BRA","NOR",1.58083752317746e-05
"BRA","PAN",0.000185748408973352
"BRA","PRY",0.0153209503287949
"BRA","PRT",0.0050895782621209
"BRA","LCA",1.58083752317746e-05
"BRA","SAU",1.58083752317746e-05
"BRA","SGP",0.000100119709801239
"BRA","ESP",2.30758014933261
"BRA","SUR",7.50897823509295e-05
"BRA","CHE",6.08756115018339
"BRA","SYR",0.0366280054120219
"BRA","TUN",0.0189700502781296
"BRA","ARE",0.000221317253244845
"BRA","GBR",9.38113486829785
"BRA","USA",2.6384530357462
"BRA","URY",1.39266450465294
"BRA","VEN",16.0437303222253
"BRA","BEL",1.40277396061366
"BRA","LUX",0.000526945841059155
"SLB","DEU",6.29731317279594
"SLB","IND",6.65460559890188
"SLB","PRK",2.3875612967456
"SLB","NLD",25.371943765408
"SLB","PAK",0.0393554059903121
"SLB","PNG",2.65275842881514
"SLB","ESP",9.72874381726292
"SLB","CHE",12.3727875744645
"SLB","GBR",34.4235227418577
"SLB","BEL",0.0714081977579775
"BRN","EGY",33.5167994742463
"BRN","HKG",22.328103179167
"BRN","MYS",7.13874969194118
"BRN","NZL",2.46447054957693
"BRN","PHL",34.5272323995728
"BRN","SGP",0.00616117637394233
"BRN","TWN",0.0123223527478847
"BRN","TUR",0.00616117637394233
"BGR","ARM",0
"BGR","ALB",0.170443397594767
"BGR","AUT",0.197590632292321
"BGR","BHS",0
"BGR","CYP",0.00114545294082505
"BGR","BLR",0.0114545294082505
"BGR","FIN",0
"BGR","DEU",0.0293235952851212
"BGR","BIH",1.74567028181737
"BGR","GRC",12.3762181170854
"BGR","HUN",3.969280803194
"BGR","HRV",0.00572726470412524
"BGR","IDN",0
"BGR","ITA",0.0990816793813667
"BGR","LVA",0
"BGR","LBN",0.24054511757326
"BGR","LTU",0.0114545294082505
"BGR","MLT",0
"BGR","MAR",0.0458181176330019
"BGR","MDA",0.916362352660038
"BGR","MKD",0.533901979346004
"BGR","PAN",0
"BGR","CZE",0.206181529348509
"BGR","POL",0.0154063420540969
"BGR","ROU",77.6730897998033
"BGR","RUS",0
"BGR","VCT",0
"BGR","STP",0
"BGR","SVK",0.0318435917549363
"BGR","ESP",0.00916362352660038
"BGR","TJK",0.160363411715507
"BGR","CHE",0.0179836111709533
"BGR","TUR",0.0178690658768707
"BGR","GBR",0.00320726823431014
"BGR","UKR",0.0801817058577534
"BGR","BEL",0.00114545294082505
"BGR","SRB",1.28521967684834
"BDI","CAN",1.84106085422704
"BDI","CHN",0.389525849397337
"BDI","KEN",0.0146990886565033
"BDI","LBN",0
"BDI","RWA",35.4652261559783
"BDI","ZAF",0.0146990886565033
"BDI","CHE",0
"BDI","TZA",38.0926882533283
"BDI","UGA",1.02893620595523
"BDI","COD",22.9179790852967
"BDI","BEL",0.235185418504053
"CMR","CAN",0.0601027029229847
"CMR","CAF",1.51986066220182
"CMR","TCD",1.58172919316525
"CMR","CHN",0.0169774153112549
"CMR","COG",0.596824710829366
"CMR","GNQ",0.770647324516137
"CMR","FRA",0.0398073229561951
"CMR","GAB",17.9428260462145
"CMR","DEU",7.07895260564216
"CMR","IRL",0.0721540150728333
"CMR","ITA",0.0265272114238358
"CMR","KWT",0.00343792660052912
"CMR","MLI",0.000381991844503235
"CMR","MAR",21.5058437407642
"CMR","NAM",0
"CMR","NLD",16.2667892132266
"CMR","NGA",0.0700318381589264
"CMR","PRT",0.0152796737801294
"CMR","SEN",0.0509322459337647
"CMR","ZAF",0.0149709935017429
"CMR","ESP",6.26376432466464
"CMR","SWE",0
"CMR","CHE",0.00575640487897236
"CMR","TUR",0.000933757842119019
"CMR","GBR",2.45406416147276
"CMR","USA",0.180696290296123
"CMR","COD",23.3439460529755
"CMR","BEL",0.116762173803155
"CAN","AUS",0.00273613954169526
"CAN","AUT",0.0555045449886752
"CAN","BRB",0.155774801576816
"CAN","CHL",12.3908033531057
"CAN","CHN",0.0246252558752573
"CAN","DNK",0.190357136686513
"CAN","ECU",1.80037981843548
"CAN","DEU",0.106709442126115
"CAN","GHA",0.0390877077385036
"CAN","GUY",1.70682990458133
"CAN","HKG",0.0117263123215511
"CAN","JPN",0.371333223515785
"CAN","LBN",1.32898206310912
"CAN","MYS",4.5949554831998
"CAN","MEX",34.3001150023326
"CAN","NLD",0.276740970788606
"CAN","SAU",1.13354352441661
"CAN","SEN",0.273613954169525
"CAN","SUR",0.488596346731296
"CAN","THA",0.697324706054905
"CAN","TTO",0.547227908339051
"CAN","TUR",0.695761197745365
"CAN","GBR",0.195438538692518
"CAN","USA",38.6118326639272
"LKA","AUS",0.000245230697918042
"LKA","BGD",0.591741674076234
"LKA","BRA",0
"LKA","BGR",1.5355528867968
"LKA","CAN",0.00110353814063119
"LKA","CHL",0.264849153751485
"LKA","CHN",3.71831045718231
"LKA","CYP",0
"LKA","EST",0.23296916302214
"LKA","FRA",0
"LKA","DEU",0
"LKA","GRC",0.257492232813944
"LKA","IND",41.6896740745061
"LKA","IDN",0.257492232813944
"LKA","IRN",16.5929220978795
"LKA","JPN",0.00613076744795104
"LKA","JOR",0.99931509401602
"LKA","LBN",1.25876917241331
"LKA","MYS",0.790869000785684
"LKA","MDV",0.339041657817439
"LKA","MOZ",0.000613076744795104
"LKA","MDA",0
"LKA","MKD",0.850133086115877
"LKA","NZL",0.000429153721356573
"LKA","PAK",5.84568676162132
"LKA","CZE",0.219432428497064
"LKA","QAT",0.441415256252475
"LKA","ROU",5.86709540154956
"LKA","SYC",0.853402828754785
"LKA","SGP",0.362113779313228
"LKA","ZAF",0.000367846046877062
"LKA","CHE",0
"LKA","SYR",1.27519962917382
"LKA","TWN",0.508853698179936
"LKA","OMN",0
"LKA","ARE",7.49089864217047
"LKA","GBR",0.0650474426227605
"LKA","USA",1.42846881537259
"LKA","COD",5.76390232386565
"LKA","SRB",0.490461395836083
"CHL","ARG",9.66993488511339
"CHL","COL",56.6499513509468
"CHL","MEX",22.4534091759599
"CHL","USA",11.2267045879799
"CHN","MMR",1.16552683925695
"CHN","CMR",2.03871031289169
"CHN","CAN",1.89253863008059
"CHN","DEU",0.00451337125872878
"CHN","GRC",0.792404385765451
"CHN","HKG",25.7201266742839
"CHN","HRV",0.115398696956134
"CHN","IRN",0.00442361671665179
"CHN","ITA",0
"CHN","KAZ",3.64916323930174
"CHN","JPN",0.136651290312222
"CHN","KGZ",2.95116139868512
"CHN","PRK",37.584542999455
"CHN","KOR",0.0423128555505823
"CHN","MAC",0.30772985854969
"CHN","MYS",0.820427036009632
"CHN","MNG",17.8745657663234
"CHN","NLD",0.3635315395667
"CHN","RUS",0.115398696956134
"CHN","SGP",0.000153864929274845
"CHN","ZAF",0.400048816114596
"CHN","TJK",0.438515048433308
"CHN","TWN",0.176944668666072
"CHN","THA",0.0153864929274845
"CHN","UKR",0.00769324646374224
"CHN","USA",0.00564171407341098
"CHN","UZB",3.06875908192214
"CHN","VNM",0.30772985854969
"COL","ATG",0.00734800397072188
"COL","ARG",0.139172413088399
"COL","AUS",0.0906725421743186
"COL","BHS",0.00477754291408103
"COL","BRB",0.0803455237576906
"COL","BOL",0.0684427700212501
"COL","BRA",11.3459426789955
"COL","BGR",0.00178711081574103
"COL","CAN",0.353686250538158
"COL","CHL",2.01763589904772
"COL","CHN",0.214606691567275
"COL","CRI",0.249688835192837
"COL","CUB",0.0762213932356149
"COL","AZE",0.000297851802623506
"COL","DMA",0.162836325123777
"COL","DOM",3.47908248562398
"COL","ECU",2.14602283360596
"COL","SLV",0.0053613324472231
"COL","FRA",0.501377290188927
"COL","DEU",8.31036880418268
"COL","GRC",0.0065676322478483
"COL","GTM",0.898705265537877
"COL","GUY",0.141915723990849
"COL","HTI",0.200682796730541
"COL","HND",0.782382222541294
"COL","HKG",0.00053613324472231
"COL","ISR",0.00644998078581202
"COL","ITA",3.9801132184712
"COL","JAM",0.271348949226066
"COL","JPN",0.0616154110015141
"COL","KEN",1.43001331105769
"COL","KOR",0.0253278280360898
"COL","MEX",10.0497206577326
"COL","MAR",1.03729034796615
"COL","NLD",24.3737944966325
"COL","NZL",0.0069870617408154
"COL","PAK",0.00178711081574103
"COL","PAN",0.76916909107434
"COL","CZE",0.00446777703935258
"COL","PRY",0.00283058496426538
"COL","PER",1.22968199449726
"COL","POL",0.00645345572350929
"COL","PRT",0.108368910607523
"COL","LCA",0.00387207343410557
"COL","VCT",0.00774414686821115
"COL","ESP",10.1126493446099
"COL","SUR",0.0113421966439031
"COL","SWE",0.0612234380292616
"COL","CHE",0.583801447214176
"COL","THA",0.00372314753279382
"COL","TTO",0.437165695318151
"COL","GBR",9.05601374169146
"COL","UKR",0.893570300460648
"COL","USA",1.44270166246227
"COL","URY",0.00670861543442343
"COL","VEN",2.31763174868138
"COL","BEL",0.40996790165932
"COG","CAF",6.05651389441527
"COG","FRA",0.0538079765046135
"COG","IDN",3.07405096976475
"COG","MYS",26.2717763297821
"COG","COD",6.25533627568409
"CRI","CAN",0.00255626359751171
"CRI","CHL",0.00434564811576991
"CRI","COL",1.14916830026139
"CRI","CUB",1.36334058533958e-05
"CRI","DNK",0
"CRI","DOM",0.642642112150846
"CRI","SLV",0.767449410065047
"CRI","FRA",5.87940627427693e-05
"CRI","DEU",5.74728323397594
"CRI","GTM",0.411325180146112
"CRI","HND",0.798837021974405
"CRI","IDN",4.60127447552108e-05
"CRI","ITA",5.44384196363332
"CRI","JAM",0.0586625977577544
"CRI","MYS",0.000291414050116335
"CRI","MEX",58.2492792812708
"CRI","NLD",7.17687876341156
"CRI","NIC",8.57351104136967
"CRI","PAN",0.876102877860394
"CRI","ZAF",6.64628535353045e-05
"CRI","ESP",1.89203895180707
"CRI","CHE",1.79194078185571
"CRI","GBR",4.98001049012841
"CRI","USA",0.660891277973482
"CRI","VEN",0.772247232808288
"CRI","BEL",0.000511252719502342
"CUB","AUS",7.10900473933649
"CUB","ESP",92.8909952606635
"CYP","GRC",100
"AZE","GEO",0.309384668270883
"AZE","IRN",92.815400481265
"AZE","UZB",6.87521485046408
"BEN","AUS",0.365126234387551
"BEN","CAN",0.00924225780793489
"BEN","GNQ",0.478400943508877
"BEN","FRA",0.0835939398338062
"BEN","GAB",0.00891136215802117
"BEN","GMB",0.0335459727843563
"BEN","GHA",14.2665469290386
"BEN","IND",1.39428016678816
"BEN","IRL",0.029095996802758
"BEN","CIV",0.00456407792984439
"BEN","MYS",13.7295831605924
"BEN","NLD",0.228203896492219
"BEN","NER",4.49642688472927
"BEN","NGA",59.1698593127165
"BEN","SEN",0.146652698481875
"BEN","ZAF",0.0492920416423194
"BEN","SWE",0.0225351347786067
"BEN","TGO",3.50863490856787
"BEN","USA",0.0207950800678535
"BEN","BFA",1.65804393545128
"BEN","BEL",0.296665065439885
"DNK","ARG",0.210510108189299
"DNK","AUS",0.00416123381039839
"DNK","AUT",1.08596740628023
"DNK","BRA",3.90969521754934
"DNK","BGR",0.230366506431081
"DNK","CAN",0.0142062036201367
"DNK","CHL",0.192671636598105
"DNK","CHN",0.039550958766187
"DNK","BLR",0.0177577545251709
"DNK","EST",0.0312536479643008
"DNK","FRO",0.00219485845931113
"DNK","FIN",0.46639473849324
"DNK","FRA",1.16731890844268
"DNK","DEU",4.07595604180474
"DNK","GRC",0.107730377452704
"DNK","HUN",0.0452822740391859
"DNK","HRV",0.0147981287709758
"DNK","ISL",0.0407329064513088
"DNK","IND",0.228003648851686
"DNK","IRN",0
"DNK","IRL",0.0245246428495627
"DNK","ISR",0.285392483440247
"DNK","ITA",0.142563351271424
"DNK","JPN",0.226707332771349
"DNK","KOR",0.00124304281676197
"DNK","LVA",0.133220450223285
"DNK","LTU",0.35302317341848
"DNK","MYS",0.355662454918424
"DNK","MLT",0.0259263216067496
"DNK","MEX",0.302516032446662
"DNK","MAR",0.0355155090503419
"DNK","MDA",0.0497217126704786
"DNK","NLD",19.5220550858353
"DNK","MKD",0.0479459372179615
"DNK","NGA",0
"DNK","NOR",1.88657141032599
"DNK","CZE",0.12974771642872
"DNK","POL",6.29408303651498
"DNK","PRT",0.01834967967601
"DNK","ROU",0.331238946708918
"DNK","RUS",1.2728504761435
"DNK","SAU",0.0257487440614979
"DNK","SEN",0.110985965782318
"DNK","SVN",0.0056824814480547
"DNK","SVK",0.150459839750453
"DNK","ESP",0.167581705229491
"DNK","SWE",34.8718848877717
"DNK","CHE",0.0525696125524529
"DNK","SYR",0.00177577545251709
"DNK","TWN",0.00621521408380983
"DNK","TUN",0.255267721299332
"DNK","TUR",0.41829969251109
"DNK","ARE",0.019533529977688
"DNK","GBR",2.95076974676794
"DNK","UKR",0.110837984494609
"DNK","USA",3.8901924676795
"DNK","URY",13.5422556066162
"DNK","VNM",0.0094708024134245
"DNK","BEL",0.0861689815464942
"DNK","SRB",0.000887887726258547
"DMA","GUY",0
"DMA","LCA",100
"BLR","ARM",7.2624381042207
"BLR","RUS",92.7375618957793
"ECU","ATG",0.0248774391245375
"ECU","ARG",0.0359635288184403
"ECU","BOL",0.0150270085468145
"ECU","BRA",2.21683405072684
"ECU","CAN",0.154341663139988
"ECU","CPV",0.0164256800942324
"ECU","CHL",0.207934177556533
"ECU","CHN",0.0362227725067962
"ECU","COL",33.6954401411596
"ECU","CRI",0.0397591052899121
"ECU","CUB",1.08046132668334
"ECU","DNK",2.48873940821704e-05
"ECU","DOM",2.69024318089062
"ECU","EGY",3.58826447876732
"ECU","FRA",0.000317452537848129
"ECU","DEU",5.18054170138892
"ECU","GRC",0.0500236621051624
"ECU","GIN",1.25183592233317
"ECU","HTI",0.625509807903637
"ECU","HND",0.000497747881643407
"ECU","IND",2.19913309908085
"ECU","IRN",0.0164256800942324
"ECU","IRL",0.010950453396155
"ECU","ITA",0.292012090564132
"ECU","CIV",0.00533585729121733
"ECU","KEN",1.89144195024495
"ECU","KOR",0.0311905414233814
"ECU","LBN",0.00348423517150385
"ECU","MYS",0.296176581173882
"ECU","MEX",6.60327159100075
"ECU","NLD",6.76500771909933
"ECU","PAN",0.165952462059123
"ECU","PER",2.31501295382645
"ECU","PRT",0.545201505519684
"ECU","ESP",2.41597972898481
"ECU","TTO",0.0127821656006027
"ECU","GBR",2.21898522028699
"ECU","USA",1.63890782037558
"ECU","VEN",21.5439516502191
"ECU","BEL",0.00401782090062558
"EGY","DZA",1.23300791273474
"EGY","BGR",6.59841262779918
"EGY","CHN",0.138622655710162
"EGY","COG",0.14713698242658
"EGY","CYP",0.141251503129517
"EGY","BEN",0.326791237969435
"EGY","FIN",0.00765112308618218
"EGY","FRA",0.152080785036113
"EGY","DJI",2.46601582546949
"EGY","DEU",0.130716495187774
"EGY","BIH",0.221058602397694
"EGY","GHA",0.829587734317545
"EGY","GRC",0.144096151456431
"EGY","HRV",3.25043250618207
"EGY","IRQ",3.74399860916595
"EGY","ISR",0.575815676160341
"EGY","ITA",0.748142509978352
"EGY","CIV",0.0795716800962946
"EGY","JOR",5.58393087979888
"EGY","KEN",1.92380623609538
"EGY","KWT",0.377958941035958
"EGY","LBN",3.5825122676913
"EGY","LBR",0.145606757809344
"EGY","LBY",4.85620705932847
"EGY","MDG",5.29184042776493
"EGY","MWI",0.247190130476655
"EGY","MYS",0.149226327577038
"EGY","MLI",0.523807657438626
"EGY","MLT",1.05500747687436
"EGY","MUS",0.473310245069824
"EGY","MAR",2.78553849650705
"EGY","NLD",5.88547929706321e-05
"EGY","PRT",2.99570896220518
"EGY","GNB",0.0117709585941264
"EGY","ERI",1.81755371651906
"EGY","QAT",0.292190505182
"EGY","ROU",0.870388819544436
"EGY","RWA",0.696723039186343
"EGY","SAU",1.64247542112967
"EGY","SEN",0.113825169605203
"EGY","ZAF",0.21168107205104
"EGY","SWE",0.0581779628514699
"EGY","CHE",0.00912249291044798
"EGY","SYR",13.6514869391241
"EGY","TZA",0.27987661112272
"EGY","TGO",1.4713698242658
"EGY","TUN",1.08228078793695
"EGY","TUR",0.323524796959565
"EGY","ARE",0.259129245622126
"EGY","UGA",0.46698008511476
"EGY","GBR",0.17453388855441
"EGY","USA",0.0111235558714495
"EGY","VEN",0.0884587538348601
"EGY","ETH",6.47630784999715
"EGY","YEM",2.73203948969674
"EGY","ZMB",0.173621639263365
"EGY","SRB",0.287211389696685
"EGY","SDN",6.25742981767901
"EGY","PSE",2.1888215215364
"SLV","CRI",1.75321204868589
"SLV","CUB",0.000796914567584496
"SLV","GTM",28.472344787606
"SLV","HND",18.2391734498701
"SLV","ITA",0.00318765827033798
"SLV","NIC",51.5225190807566
"SLV","USA",0.00876606024342946
"EST","CYP",0
"EST","FIN",0.152431762968609
"EST","KAZ",62.9839576155015
"EST","LVA",3.32915204539079
"EST","LTU",7.32731016158825
"EST","NLD",2.54052938281014
"EST","RUS",23.6666190317407
"FRO","ISL",100
"FJI","AUS",0.61988216704164
"FJI","CAN",0.025828423626735
"FJI","KIR",0.0168807197274732
"FJI","KOR",5.86674193807266
"FJI","MYS",53.4971224368749
"FJI","VUT",0
"FJI","NZL",0.0138366555143223
"FJI","PNG",2.91815064797058
"FJI","SGP",15.4397704222117
"FJI","TWN",21.1163967135176
"FJI","TON",0.110693244114579
"FJI","TUV",0.111800176555724
"FJI","USA",0.110693244114579
"FIN","CHN",0
"FIN","EST",14.5543916232687
"FIN","LVA",0.356714998984411
"FIN","LTU",4.06655098842229
"FIN","MYS",0
"FIN","RUS",24.8511449292473
"FIN","SGP",0.00998801997156352
"FIN","SWE",56.0042548405526
"FIN","CHE",0.107014499695323
"FIN","UGA",0.0499400998578176
"FRA","DZA",0.286480502365813
"FRA","ARG",0.0251887897742508
"FRA","AUS",0.00923588958389196
"FRA","AUT",1.66134885496345
"FRA","BRA",0.212305513811543
"FRA","BGR",0.890003905356862
"FRA","CAN",0.166896722912557
"FRA","CHL",0.325942939678806
"FRA","CHN",0.0232366585667464
"FRA","COG",0.282114445471609
"FRA","CUB",0.00251887897742508
"FRA","BEN",0.0164986573021343
"FRA","DNK",0.377831846613762
"FRA","BLR",0
"FRA","EGY",0.19084706385624
"FRA","EST",1.06833528929402
"FRA","FIN",0.000503775795485016
"FRA","PYF",0.0587738428065852
"FRA","GAB",0.528964585259267
"FRA","DEU",16.7516099987172
"FRA","GRC",0.0498917957457125
"FRA","GIN",0.511332432417292
"FRA","HKG",0.0016372713353263
"FRA","HUN",1.15253106811354
"FRA","HRV",0.142736475387421
"FRA","IND",0.0595085158416675
"FRA","IDN",0.0503775795485016
"FRA","IRL",1.91145131201902
"FRA","ISR",0.0714216684598984
"FRA","ITA",2.92082336552274
"FRA","CIV",0.130981706826104
"FRA","JPN",0.0437565262364128
"FRA","KEN",0.0325775014413644
"FRA","KOR",0.0481609660483676
"FRA","KWT",0.000125943948871254
"FRA","LBN",0.00196472560239156
"FRA","LTU",0.534002343214117
"FRA","MDG",0.0440803821049389
"FRA","MYS",0.542958357356073
"FRA","MLI",0.440803821049389
"FRA","MLT",0.083962632580836
"FRA","MRT",0.0755663693227524
"FRA","MEX",0.212372983784152
"FRA","MAR",0.0324248421093992
"FRA","NLD",12.6844104622187
"FRA","NCL",0.114357105575099
"FRA","NZL",0
"FRA","NER",1.04281589665398
"FRA","NGA",0.251887897742508
"FRA","NOR",0.00994957196082907
"FRA","CZE",0.000167925265161672
"FRA","POL",4.46327574477531
"FRA","PRT",3.53511470353633
"FRA","ROU",0.207006054144752
"FRA","RUS",1.71283770464906
"FRA","SEN",0.155330870274547
"FRA","SVN",0.316396388354365
"FRA","SVK",0.0594455438672319
"FRA","SGP",0.0681776576556389
"FRA","ZAF",0.039672343894445
"FRA","ESP",11.3964961916113
"FRA","SWE",1.42308911827663
"FRA","CHE",0.827739615967274
"FRA","TWN",0.144835541201942
"FRA","THA",8.3962632580836e-05
"FRA","TGO",0.680097323904772
"FRA","TUN",0.446952849141339
"FRA","TUR",0.11645617138962
"FRA","ARE",0.0244331260810233
"FRA","GBR",3.12670737357755
"FRA","UKR",0.000251887897742508
"FRA","USA",0.114802753394182
"FRA","BFA",0.201510318194007
"FRA","VEN",0.0251887897742508
"FRA","VNM",0.062971974435627
"FRA","BEL",13.5373715806742
"FRA","LUX",0.00520148508838279
"FRA","SDN",10.9286098417747
"PYF","FRA",25
"PYF","NCL",75
"PYF","POL",0
"DJI","LBN",0.0561235025884685
"DJI","MYS",0.0134900028897453
"DJI","NLD",0.0270436378685931
"DJI","ETH",99.2033516972714
"DJI","YEM",0.699991159381754
"GEO","ARM",67.9433444139326
"GEO","AZE",32.0566555860674
"GAB","CMR",8.03676558390617
"GAB","COG",0.837626803826418
"GAB","BEN",4.38098016721443
"GAB","DEU",13.3458751090109
"GAB","GHA",3.53344283107433
"GAB","ITA",21.3251080066759
"GAB","MOZ",5.9783195540385
"GAB","NLD",18.9402282585084
"GAB","RWA",0.286213326387658
"GAB","SEN",6.9091000238044
"GAB","ZAF",0.00781989039832
"GAB","ESP",11.6934651004141
"GAB","GBR",4.72074506385543
"GAB","BEL",0.00333613071600682
"GAB","SDN",0.000974150169073993
"GMB","DNK",1.17049516125661
"GMB","SWE",14.6311895157076
"GMB","GBR",39.0506448174237
"GMB","USA",45.1476705056121
"DEU","ALB",0.0037453627424809
"DEU","DZA",3.56380269690408
"DEU","ATG",0
"DEU","ARG",0
"DEU","AUS",0.000224050224366828
"DEU","AUT",3.19744789104223
"DEU","BRA",0.000109888393422422
"DEU","BGR",0.219286951006286
"DEU","CMR",0.00732589289482817
"DEU","CAN",0.000370364585238535
"DEU","CPV",0.000219776786844845
"DEU","LKA",0.00366294644741408
"DEU","CHL",1.19045759540958e-05
"DEU","CHN",0.000530794239743459
"DEU","COL",0.00933528066026675
"DEU","CRI",0.0128203125659493
"DEU","CYP",0.0150543769037403
"DEU","AZE",0.0023503906370907
"DEU","DNK",14.8282056113837
"DEU","BLR",0.0879738569576506
"DEU","EGY",0.0036940814922171
"DEU","EST",0.00656961655165207
"DEU","FIN",0.271295129642329
"DEU","FRA",1.86237633740091
"DEU","PYF",0.00183147322370704
"DEU","GEO",0.00326002233819853
"DEU","BIH",0.207498975926423
"DEU","GHA",0.037489035907134
"DEU","GRC",0.326082319148999
"DEU","HKG",0.0043955357368969
"DEU","HUN",2.55217092404589
"DEU","HRV",0.87329105441115
"DEU","ISL",0.00172799498656759
"DEU","IND",8.89572708657706e-06
"DEU","IDN",0.00461531252374174
"DEU","IRN",0.0204355782301232
"DEU","IRL",0.0408535077182724
"DEU","ISR",0.00195384893456383
"DEU","ITA",4.8254474365516
"DEU","KAZ",0.0406155641970268
"DEU","JPN",0.00316563102589979
"DEU","JOR",0
"DEU","KOR",0.0286397164025784
"DEU","LVA",0.239548206285026
"DEU","LBR",7.32589289482817e-05
"DEU","LTU",2.02747216018606
"DEU","MYS",0.00024608340223991
"DEU","MDV",0.000329665180267267
"DEU","MLI",3.66294644741408e-05
"DEU","MLT",0.0177652902699583
"DEU","MRT",0.00915736611853521
"DEU","MUS",4.2123884145262e-05
"DEU","MEX",0.000193403572423464
"DEU","MNG",0.00236260045858208
"DEU","MAR",0.0115511016219203
"DEU","MOZ",0.00280825894301746
"DEU","NAM",0.0175821429475876
"DEU","NLD",9.10623205211957
"DEU","MKD",0.003575951469288
"DEU","NZL",0.000109888393422422
"DEU","NGA",0.00199892220416026
"DEU","NOR",0.566078903378701
"DEU","CZE",3.34673676792626
"DEU","POL",27.6059692249022
"DEU","PRT",0.466791243472661
"DEU","QAT",0.000244196429827605
"DEU","ROU",2.54950929395915
"DEU","RUS",4.09978427930815
"DEU","SAU",0.0234010996739496
"DEU","SEN",0.741396386347318
"DEU","SLE",0.0452373886255639
"DEU","SVN",0.0706161130864724
"DEU","SVK",1.88461208731237
"DEU","SGP",2.48266370324732e-05
"DEU","ZAF",0.0020707857249381
"DEU","ESP",1.47719703925473
"DEU","TJK",0.0139191965001735
"DEU","SWE",1.88811912068211
"DEU","CHE",1.1776486046781
"DEU","SYR",0.000183147322370704
"DEU","TWN",8.51635049023774e-05
"DEU","THA",4.02924109215549e-05
"DEU","TTO",0.00146517857896563
"DEU","TUN",0.164027657651814
"DEU","TUR",0.00190050567598523
"DEU","ARE",0.0155904158168062
"DEU","GBR",4.15825556045309
"DEU","UKR",0.173592613775635
"DEU","USA",0.00731832280550351
"DEU","UZB",0.0269055626384056
"DEU","VNM",0.00915736611853521
"DEU","BEL",3.00236635615072
"DEU","LUX",0.00569821269164998
"DEU","SRB",1.25545543544818
"BIH","ALB",22.4343465446707
"BIH","AUT",9.34764439361281
"BIH","HRV",2.1994457396736
"BIH","SVN",4.3988914793472
"BIH","TUR",15.3961201777152
"BIH","SRB",26.098623146967
"BIH","MNE",11.8770069942375
"GHA","ATG",0.00402808543304305
"GHA","AUS",0.024379987083493
"GHA","AUT",0.00033030300550953
"GHA","BRB",0.000181263844486937
"GHA","BWA",0.00241685125982583
"GHA","BGR",0.0201404271652152
"GHA","CMR",1.35075131521377
"GHA","CAN",0.139136784333029
"GHA","CHN",0.823013044898778
"GHA","CYP",2.68539028869536e-05
"GHA","BEN",6.03408444658197
"GHA","DNK",0.0212897742087769
"GHA","EGY",0.000362527688973874
"GHA","GNQ",0.0214831223095629
"GHA","FRA",0.042298733318793
"GHA","GEO",1.34269514434768e-05
"GHA","GAB",0.742510414824268
"GHA","GMB",0.0102246235242076
"GHA","DEU",2.48492515770251
"GHA","GRC",0
"GHA","GIN",1.61424181034056
"GHA","HKG",0.0717312502615343
"GHA","ISL",0.00106072916403467
"GHA","IND",0.00805617086608609
"GHA","IDN",0.617639766399934
"GHA","IRL",0.0162046520233461
"GHA","ISR",0.00244034842485191
"GHA","ITA",0.172675071213593
"GHA","CIV",1.48010656542022
"GHA","JPN",0.0050250365777212
"GHA","KOR",8.72751843825994e-05
"GHA","KWT",0.00618982461544281
"GHA","LBR",0.116031238724046
"GHA","MWI",0.0047195734323821
"GHA","MYS",0
"GHA","MLI",0.196560978452898
"GHA","MUS",1.34269514434768e-05
"GHA","MAR",0.006082409003895
"GHA","MOZ",0.00692830694483404
"GHA","NAM",0
"GHA","NLD",2.18209518672983
"GHA","NZL",0.00268539028869536
"GHA","NER",18.5132564212666
"GHA","NGA",13.9467355877567
"GHA","NOR",0.00530196745124291
"GHA","PRT",0.231565680244682
"GHA","QAT",0.000725055377947748
"GHA","ZWE",6.71347572173841e-06
"GHA","SAU",0.00984643105854967
"GHA","SEN",34.2571527535861
"GHA","SLE",0.0949285467053811
"GHA","ZAF",0.0444222296662779
"GHA","ESP",0.501072009074459
"GHA","SWZ",0
"GHA","SWE",0.00127958847256334
"GHA","CHE",0.0113994817755118
"GHA","TZA",1.39241514554288
"GHA","TGO",5.54302151050765
"GHA","TON",0.00134269514434768
"GHA","TTO",0.00185829007977719
"GHA","TUN",0.00537078057739073
"GHA","TUR",0.148676633333619
"GHA","ARE",0.00831665372408954
"GHA","UGA",0
"GHA","GBR",1.25767941751632
"GHA","UKR",0.00472628690810384
"GHA","USA",1.69236354354744
"GHA","BFA",3.44907707163083
"GHA","ZMB",0
"GHA","BEL",0.645287351305546
"GRC","ALB",0.576858474638581
"GRC","AUT",0.00671866506540779
"GRC","BGR",61.7751079850225
"GRC","CYP",2.44216451068641
"GRC","DNK",0.00920457113960867
"GRC","FRA",3.5340178244045
"GRC","DEU",0.0988912845793967
"GRC","BIH",0.0478592908159215
"GRC","HUN",1.06601219355645
"GRC","HRV",0.30233992794335
"GRC","IDN",0.19820061942953
"GRC","ISR",0.140487286517677
"GRC","ITA",2.00257370772678
"GRC","LTU",0.268746602616312
"GRC","MAR",3.5340178244045
"GRC","NLD",0.194975660198134
"GRC","MKD",2.07189486059144
"GRC","CZE",0.0470306554578545
"GRC","POL",1.99825864508852
"GRC","PRT",0.00671866506540779
"GRC","ROU",11.0801872725932
"GRC","RUS",1.39300322356122
"GRC","SVK",0.902400701597584
"GRC","ESP",0.171023619239955
"GRC","SWE",0.000604679855886701
"GRC","TUN",0.0281915186144511
"GRC","TUR",0.00503899879905584
"GRC","GBR",0.000134373301308156
"GRC","USA",0.00604679855886701
"GRC","BEL",2.89574464319076
"GRC","SRB",2.33219645483448
"GTM","ARG",0.482301378243077
"GTM","BRA",0.481120664758611
"GTM","BLZ",0.0058306764368096
"GTM","CAN",6.42565161614172e-06
"GTM","CHL",0.060079842610925
"GTM","COL",0.316579967671813
"GTM","CRI",0.0754079668057471
"GTM","CUB",0.0707461030111395
"GTM","DOM",1.62340666422335
"GTM","SLV",6.30253998656741
"GTM","FRA",0.0087597695657052
"GTM","DEU",5.87186325725616
"GTM","HTI",0.0125300206514763
"GTM","HND",1.45900473584704
"GTM","ITA",11.3780487854067
"GTM","CIV",1.02411071610324
"GTM","MLI",0.0089959122625984
"GTM","MLT",0.00885454792704328
"GTM","MEX",19.5632831695707
"GTM","MAR",1.31917599575131
"GTM","NLD",23.8773958879132
"GTM","NIC",1.74844277645669
"GTM","NGA",0.948484009407063
"GTM","PAN",0.0172799828070961
"GTM","PRT",0.00931719484340549
"GTM","ESP",17.1025823463357
"GTM","TTO",0.0458031156617942
"GTM","GBR",0.977421931460357
"GTM","USA",0.270724884552573
"GTM","VEN",1.91715420336623
"GTM","BEL",3.01274708087325
"GIN","AUS",0.0171116913073984
"GIN","CAN",0.105093958840717
"GIN","FRA",1.01853605599474
"GIN","GAB",9.66762220756973e-05
"GIN","GMB",4.31729767101215
"GIN","DEU",0.0820297744312291
"GIN","IND",87.837985177315
"GIN","ITA",0.00072507166556773
"GIN","CIV",0.000193352444151395
"GIN","KOR",0.000902311406039841
"GIN","MLI",0.0912623536394582
"GIN","MAR",0.00118428372042729
"GIN","NPL",1.20845277594622
"GIN","NLD",0.985034026729279
"GIN","NOR",0.00314197721746016
"GIN","PRT",0.217521499670319
"GIN","GNB",0.0290028666227092
"GIN","SEN",0.090392267640777
"GIN","SLE",2.94350093353875
"GIN","ZAF",0
"GIN","ESP",0.137038544792301
"GIN","CHE",0.0817880838760399
"GIN","ARE",0.000580057332454184
"GIN","GBR",0.0973167020469488
"GIN","USA",0.638817140231792
"GIN","BEL",0.0934237577472934
"GUY","ATG",0.0707269155206287
"GUY","BRB",0.018860510805501
"GUY","VCT",0.0754420432220039
"GUY","SUR",1.12220039292731
"GUY","TTO",96.8172888015717
"GUY","USA",1.89548133595285
"HND","ATG",0.00589247385560767
"HND","BHS",0.669599301773599
"HND","BLZ",0.00157154956126264
"HND","CAN",0.00333996131724671
"HND","COL",2.12547692285345
"HND","CRI",0.0929403830861756
"HND","DMA",1.19617219268836
"HND","DOM",0.978674137885016
"HND","ECU",0.256322612718934
"HND","SLV",8.30020986198737
"HND","FIN",0.0128563065940531
"HND","FRA",0.525131913217342
"HND","DEU",8.81696706790301
"HND","GTM",3.47168644254263
"HND","IDN",0.0192844598910797
"HND","ITA",2.24092682390777
"HND","JAM",0.633052571882796
"HND","KOR",0.00589247385560767
"HND","MYS",0.616550966689888
"HND","MEX",10.3540686128682
"HND","MAR",0.294925012466182
"HND","NLD",31.1012182563244
"HND","NIC",2.26415051534594
"HND","PAN",0.13646344490239
"HND","SGP",1.99496398374616
"HND","ESP",8.32978540529476
"HND","CHE",4.84275374380603
"HND","SYR",0.00562463413489823
"HND","GBR",3.68580935661278
"HND","UKR",2.66717204439946
"HND","USA",1.77222118081179
"HND","VEN",2.57829538507583
"HKG","AUS",0.00419496567719397
"HKG","BRN",0.0149285633019391
"HKG","CHN",82.7512499114042
"HKG","COG",0.153618461418371
"HKG","IRN",0.0196946745408168
"HKG","MAC",0.272325426575707
"HKG","MYS",0.996876389107732
"HKG","MOZ",0.155033195539553
"HKG","NLD",0.0354504141734702
"HKG","NGA",6.47167005411239
"HKG","PHL",2.28458224673475
"HKG","TWN",4.21958402036999
"HKG","ARE",0.295420118112252
"HKG","USA",0.0118168047244901
"HKG","VNM",2.03511636921773
"HUN","AUS",0.0169829268852711
"HUN","AUT",6.26556782553937
"HUN","BGR",1.66055285100429
"HUN","CAN",0.226439025136948
"HUN","EGY",0.70196097792454
"HUN","FRA",0.230401708076845
"HUN","DEU",1.0126856401958
"HUN","BIH",3.84946342732812
"HUN","HRV",0.9980300032911
"HUN","IDN",0.104161951562996
"HUN","ITA",0.443254391705577
"HUN","KOR",0.0464200001530745
"HUN","NLD",0.104161951562996
"HUN","CZE",4.1978964772576
"HUN","POL",0.636293660634825
"HUN","ROU",67.6969076904041
"HUN","RUS",0
"HUN","SVN",0.449104066521615
"HUN","SVK",4.66116024051134
"HUN","SGP",0.0850763765871678
"HUN","ZAF",0.00339658537705423
"HUN","CHE",1.48418201031429
"HUN","TUR",0.135863415082169
"HUN","GBR",0.00226439025136948
"HUN","UKR",2.15683171442943
"HUN","BEL",2.26439025136948
"HUN","SRB",0.548435318881689
"HUN","MNE",0.0181151220109559
"HRV","ALB",0.191707057088521
"HRV","AUT",0.066291225348367
"HRV","BGR",6.87381138206851
"HRV","DNK",1.04939777578496
"HRV","DEU",0.614964159988455
"HRV","BIH",4.089628669947
"HRV","GRC",8.648675756801
"HRV","HND",1.30534845280568
"HRV","HUN",2.02013337683222
"HRV","ITA",2.28589549647207
"HRV","MKD",1.56243668839094
"HRV","CZE",0.0217558075467614
"HRV","ROU",52.0908624009628
"HRV","SVN",5.63751842192302
"HRV","SVK",2.79286065888526
"HRV","SWE",0.0899026753035286
"HRV","CHE",0
"HRV","USA",1.12618297889118
"HRV","BEL",2.49705480501416
"HRV","SRB",2.3525279893898
"HRV","MNE",1.45806569009471
"ISL","HKG",NA
"IND","AUS",0.00449485775719145
"IND","AUT",0
"IND","BGD",7.36069387385264
"IND","BTN",0.18529798898786
"IND","CAN",0.00614633500463835
"IND","LKA",1.41500139838273
"IND","CHN",0.0104651161435358
"IND","DNK",0
"IND","ECU",3.92319255615214e-05
"IND","FJI",0
"IND","FRA",0.00038578060135496
"IND","GEO",0
"IND","DEU",0.820565147063391
"IND","GHA",0.000608094846203581
"IND","GRC",1.76739824654654
"IND","HKG",0.00198775089511708
"IND","IDN",2.38115930371336
"IND","IRQ",0.00745406585668906
"IND","ITA",0.0196473483212099
"IND","JPN",1.30773085205071e-05
"IND","KEN",0.0125598207404813
"IND","KOR",0.337394559829084
"IND","KWT",0.000196159627807607
"IND","LVA",0.00784638511230428
"IND","LBN",3.92319255615214e-05
"IND","LTU",0.992567716706491
"IND","MDG",0
"IND","MWI",0.027462347893065
"IND","MYS",2.61640564800736
"IND","MDV",0.0040408883328367
"IND","MLI",80.4529097490119
"IND","MUS",0.0392319255615214
"IND","MOZ",0.156927702246086
"IND","NPL",0.214564631819369
"IND","NLD",0.00363876109583111
"IND","NZL",0.00351779599201642
"IND","NGA",0.0103866522924128
"IND","PAK",0.0356618203354229
"IND","PHL",0.0353087330053692
"IND","QAT",0.0267954051585191
"IND","SAU",5.88478883422821e-05
"IND","SYC",0.000156927702246086
"IND","SGP",0.0283226479750212
"IND","SOM",0.580632498310516
"IND","ZAF",0.00490399069519017
"IND","ESP",0.0549246957861299
"IND","SWZ",0
"IND","CHE",0.0462805948540747
"IND","TZA",0
"IND","THA",0.00784638511230428
"IND","TTO",3.92319255615214e-05
"IND","OMN",0.000225583571978748
"IND","TUN",0.000117695776684564
"IND","ARE",0.113645080370337
"IND","UGA",0.000313855404492171
"IND","GBR",0.00972559434670115
"IND","UKR",0.000196159627807607
"IND","USA",0.0229023910066451
"IND","ETH",0.0353087330053692
"IND","YEM",0.0188313242695303
"IND","COD",0.0106318518271723
"IND","ZMB",0.102003006459956
"IND","SDN",0.000196159627807607
"IDN","ARM",0.000259654800547308
"IDN","AFG",0.100182331432843
"IDN","ALB",0.00122172117312756
"IDN","DZA",0.376017740814739
"IDN","ATG",0.000254230900269209
"IDN","ARG",0.00504789848900678
"IDN","AUS",0.0353442947964849
"IDN","AUT",2.88505333941453e-06
"IDN","BHS",0.00280986884938939
"IDN","BHR",0.0064485125463257
"IDN","BGD",4.20769848665215
"IDN","BOL",0.0187528467061945
"IDN","BWA",0.00012117224025541
"IDN","BRA",0.57076337862729
"IDN","BLZ",0.00255503208791891
"IDN","SLB",0.00627850815552494
"IDN","BRN",0.00718015551626182
"IDN","BGR",0.0395349908854264
"IDN","MMR",1.83916221603064
"IDN","BDI",0.00328463322692345
"IDN","CMR",0.0502708715674291
"IDN","CAN",0.00615355719480176
"IDN","CPV",0.000824050572703625
"IDN","CAF",0.0102970438737044
"IDN","LKA",0.371017552583945
"IDN","TCD",0.000573471669119892
"IDN","CHL",0.00935946500956816
"IDN","CHN",12.8461233333564
"IDN","COL",0.086324049367741
"IDN","COM",0.00834724352087942
"IDN","COG",0.105984102508778
"IDN","COK",0.00015774113987759
"IDN","CRI",0.00356815222700995
"IDN","CUB",0.00346844959202201
"IDN","CYP",0.0167426800218507
"IDN","AZE",0.000366401774105646
"IDN","BEN",0.489096661584775
"IDN","DNK",0.0797022671756655
"IDN","DMA",0.000646425051229221
"IDN","DOM",0.00362508875466329
"IDN","BLR",0.00283119901041213
"IDN","ECU",0.0699263721245595
"IDN","EGY",3.44997969910773
"IDN","SLV",0.0283672869597934
"IDN","GNQ",0.0148667128300413
"IDN","EST",0.49667694187021
"IDN","FRO",0.0163726777011775
"IDN","FJI",0.00322020586434955
"IDN","FIN",0.288519759208151
"IDN","FRA",0.180914867967415
"IDN","PYF",0.000430803377274727
"IDN","DJI",0.660577080294624
"IDN","GEO",0.119291027761863
"IDN","GAB",0.0195350344992493
"IDN","GMB",0.148575916514786
"IDN","DEU",1.43755548937641
"IDN","BIH",0.00737371549332031
"IDN","GHA",0.253119042676611
"IDN","KIR",0.00497496995041232
"IDN","GRC",0.239022934337808
"IDN","GRD",0.00114177588714741
"IDN","GTM",0.0175682280683763
"IDN","GIN",0.130891119439896
"IDN","GUY",0.00431108712086482
"IDN","HTI",0.492091575132579
"IDN","HND",0.0295264898513568
"IDN","HKG",0.0737405575476265
"IDN","HUN",0.000127144300667999
"IDN","HRV",0.0170545534001327
"IDN","ISL",0.00584307929462733
"IDN","IND",23.3995234762924
"IDN","IRN",0.823240345863997
"IDN","IRQ",0.095664271959244
"IDN","IRL",0
"IDN","ISR",0.106311268681515
"IDN","ITA",3.32711385910436
"IDN","CIV",0.194802101428756
"IDN","KAZ",0.0113865015624719
"IDN","JAM",0.020337637978844
"IDN","JPN",0.510213909168099
"IDN","JOR",0.419772826948907
"IDN","KGZ",0.00109055016229869
"IDN","KEN",0.985780110233807
"IDN","KHM",0.00525770389542901
"IDN","PRK",0.00171108185980667
"IDN","KOR",0.614122966412612
"IDN","KWT",0.00177294990530152
"IDN","LVA",0.120655904478527
"IDN","LAO",0.000363516720766231
"IDN","LBN",0.00987455185425832
"IDN","LBR",0.072300392874835
"IDN","LBY",0.000878844948252456
"IDN","LTU",0.00122716980243428
"IDN","MAC",0.0461608534306326
"IDN","MDG",0.122599094674255
"IDN","MWI",0.001481301786589
"IDN","MYS",4.64369448783819
"IDN","MDV",0.00784223067046948
"IDN","MLI",0.000839475066528445
"IDN","MLT",0.00251110426577298
"IDN","MRT",0.210548858440044
"IDN","MUS",0.0123006859412293
"IDN","MEX",0.13053497563322
"IDN","MNG",0.00657325936766865
"IDN","MAR",0.0601970693110503
"IDN","MOZ",0.22997029002989
"IDN","MDA",8.6551600182436e-05
"IDN","NAM",0.121386840139641
"IDN","NPL",0.00485474657214409
"IDN","NLD",5.73288356852295
"IDN","NCL",5.77010667882907e-06
"IDN","MKD",0.00101501946587282
"IDN","VUT",0.00350381335189453
"IDN","NZL",0.0116444943698358
"IDN","NIC",0.019172780645013
"IDN","NER",0.0231843410910505
"IDN","NGA",0.347039659212458
"IDN","NOR",0.00670983779275653
"IDN","PAK",6.47034788893075
"IDN","PAN",0.0220830830095696
"IDN","CZE",0.0710613366526423
"IDN","PNG",0.0452693719487535
"IDN","PRY",0.000250999640529064
"IDN","PER",0.0588142934698372
"IDN","PHL",0.914054186416634
"IDN","POL",0.0130119185457708
"IDN","PRT",0.0556578684070006
"IDN","GNB",0.00936906839045062
"IDN","TLS",0.0531660141080806
"IDN","ERI",0.00326348386257665
"IDN","QAT",0.00488775020851207
"IDN","ZWE",0.00126987065261
"IDN","ROU",0.00292063971313165
"IDN","RWA",0.0342151674640197
"IDN","RUS",1.75312770133545
"IDN","KNA",0.000113844204773298
"IDN","LCA",0.00129385265849389
"IDN","VCT",0.000645530684694002
"IDN","STP",0.00261350891349402
"IDN","SAU",0.825549028193069
"IDN","SEN",0.157114355405522
"IDN","SYC",0.00068734335059166
"IDN","SLE",0.0514447189897434
"IDN","SVN",0.000830722258551021
"IDN","SVK",5.77010667882907e-06
"IDN","SGP",3.1913854100719
"IDN","SOM",0.0796770489244256
"IDN","ZAF",1.20191644668973
"IDN","ESP",3.15259958439673
"IDN","SUR",0.000610002855626523
"IDN","TJK",0.00117325502469524
"IDN","SWZ",0.00259631720120593
"IDN","SWE",0.106759314373997
"IDN","CHE",0.00939004080485927
"IDN","SYR",0.0399451378990166
"IDN","TKM",0.000363516720766231
"IDN","TWN",0.0229348495465852
"IDN","TZA",1.06847887216321
"IDN","THA",0.0602436527561034
"IDN","TGO",0.321240043496986
"IDN","TON",0.0022830581096123
"IDN","TTO",0.00270895353031446
"IDN","OMN",0.403450287540605
"IDN","TUN",0.222134165181397
"IDN","TUR",0.930484116689944
"IDN","ARE",0.732766039895104
"IDN","UGA",0.0171109243833558
"IDN","TUV",0.00175602041230584
"IDN","GBR",0.22226013264258
"IDN","UKR",1.50835107364954
"IDN","USA",2.03556940851688
"IDN","BFA",0.00877025716046716
"IDN","URY",0.0156136334832083
"IDN","UZB",0.0010801639702768
"IDN","VEN",0.00280445648932465
"IDN","VNM",1.07116873066201
"IDN","ETH",0.0147928917337942
"IDN","YEM",0.265886161685715
"IDN","COD",0.0540147390994696
"IDN","ZMB",0.000405965472233484
"IDN","BEL",0.12874090567205
"IDN","SRB",0.00345425272538098
"IDN","MNE",0.00369388124873422
"IDN","SDN",0.219289361483398
"IRN","ARM",2.31862800096921
"IRN","AFG",59.0166290176925
"IRN","AUS",0.0955179021146164
"IRN","AZE",0.256556348654961
"IRN","GEO",1.05253886627676
"IRN","IRQ",9.08601983524112
"IRN","KAZ",2.90791819872592
"IRN","KGZ",4.02609273086691
"IRN","KOR",0
"IRN","KWT",0.059205311228068
"IRN","PAK",2.94579315199209
"IRN","RUS",0.539426168966842
"IRN","TJK",6.95382826293444
"IRN","TKM",5.19386998440561
"IRN","UZB",5.54797621993092
"IRL","AUS",0.00636030718962104
"IRL","BRA",0.572427647065893
"IRL","CYP",0.763236862754524
"IRL","DNK",3.11655052291431
"IRL","FRA",0.401017368305606
"IRL","DEU",3.6889781699802
"IRL","GRC",3.30735973860294
"IRL","HKG",0.00636030718962104
"IRL","IND",0.00381618431377262
"IRL","ISR",0.00636030718962104
"IRL","JPN",0.156463556864677
"IRL","NLD",36.871609393546
"IRL","NER",0
"IRL","NGA",0.127206143792421
"IRL","NOR",0
"IRL","PHL",0.254412287584841
"IRL","POL",0.0127206143792421
"IRL","SVK",0.00763236862754524
"IRL","SGP",0.127206143792421
"IRL","ESP",11.7029652289027
"IRL","CHE",0.000636030718962104
"IRL","ARE",0.0667832254910209
"IRL","GBR",33.5125742240621
"IRL","USA",0.127206143792421
"IRL","BEL",4.96103960790441
"ISR","ALB",3.49328363970298
"ISR","AUS",0.941245869586637
"ISR","AUT",0.941245869586637
"ISR","CAN",1.43224629227822
"ISR","CYP",15.9138476919802
"ISR","AZE",1.16442787990099
"ISR","FRA",4.26698127545942
"ISR","GEO",0.394611670410892
"ISR","DEU",0.388142626633665
"ISR","GRC",2.18912441421387
"ISR","HKG",0.776285253267329
"ISR","IND",0.512348267156437
"ISR","KAZ",0.388142626633665
"ISR","JPN",0.314395527573268
"ISR","JOR",0.776285253267329
"ISR","NPL",1.18383501123268
"ISR","POL",0.131968493055446
"ISR","ROU",13.1968493055446
"ISR","RUS",0.776285253267329
"ISR","SVN",0.459949012560893
"ISR","SGP",0.776285253267329
"ISR","ZAF",0.506526127756932
"ISR","ESP",1.07737303364173
"ISR","CHE",25.2350928705877
"ISR","TUR",1.55257050653466
"ISR","GBR",1.00684197348773
"ISR","UKR",2.61802201664407
"ISR","USA",6.24969343130451
"ISR","BEL",11.3360935534628
"ITA","ARM",0.132632655639885
"ITA","ALB",0.126165237842554
"ITA","DZA",0.0175016802972158
"ITA","ARG",0.0306279405201277
"ITA","AUS",0.0114264758182883
"ITA","AUT",1.98099530456879
"ITA","BHS",0.00802160346955724
"ITA","BRA",0.0140213982464465
"ITA","BGR",0.275403524210272
"ITA","CMR",0.326698032214695
"ITA","CAN",0.121413419451602
"ITA","CPV",0.00145847335810132
"ITA","LKA",0.000977177149927882
"ITA","CHL",0.0324828534546583
"ITA","CHN",0.00140742679056777
"ITA","CRI",0.0458077312312462
"ITA","CUB",0.166468528567731
"ITA","CYP",0.0529749934181467
"ITA","AZE",0.00437542007430395
"ITA","DNK",0.0296945175709428
"ITA","DOM",0.0160432069391145
"ITA","BLR",0.00647353817660113
"ITA","EGY",0.00313571771991783
"ITA","EST",0.0152894064982432
"ITA","FIN",0.167402909100434
"ITA","FRA",15.3204273193856
"ITA","GEO",0.0109403732774575
"ITA","DEU",37.2084072392143
"ITA","BIH",0.222990632317159
"ITA","GHA",0.00729236679050658
"ITA","GRC",1.12834194701316
"ITA","GTM",0.000481296208173434
"ITA","HTI",0
"ITA","HND",0.00347116659228113
"ITA","HKG",0.00737779165862395
"ITA","HUN",1.86587203593194
"ITA","HRV",5.39903567889621
"ITA","ISL",0.00437542007430395
"ITA","IND",0.00218771003715197
"ITA","IDN",0.00284402304829757
"ITA","IRQ",0.00296070091694567
"ITA","IRL",0.0186998722560252
"ITA","ISR",0.0114453696777001
"ITA","CIV",0.208561690208488
"ITA","KAZ",0.00701282606353716
"ITA","JPN",0.00416029525398401
"ITA","JOR",0.00340310450223641
"ITA","KGZ",0.00145847335810132
"ITA","KEN",0.00189601536553171
"ITA","KOR",0.0063078972737882
"ITA","KWT",0.00364618339525329
"ITA","LVA",0.00895674226975162
"ITA","LBN",0.0419785094295511
"ITA","LBY",0.0343713554725877
"ITA","LTU",0.0130533365550068
"ITA","MDG",0.00552914926231778
"ITA","MYS",0.00523267830367684
"ITA","MLT",0.0782102500194046
"ITA","MUS",0
"ITA","MEX",0.0089222107681848
"ITA","MAR",0.0102111365984068
"ITA","MDA",0.030757119588988
"ITA","NLD",0.383492605305114
"ITA","NCL",0.00291694671620263
"ITA","MKD",0.0590795146847774
"ITA","NGA",0.00581444712096392
"ITA","NOR",0.00408615619161386
"ITA","PAN",0.00280026884755453
"ITA","CZE",1.50264919023333
"ITA","PER",0.0906343960502762
"ITA","PHL",0.00185226116478867
"ITA","POL",13.7916204094747
"ITA","PRT",0.524987429385101
"ITA","ERI",0.00729236679050658
"ITA","QAT",0.00218771003715197
"ITA","ROU",1.69307476423383
"ITA","RUS",3.48097349972949
"ITA","SAU",0.018223624609476
"ITA","SEN",0.0533315091279048
"ITA","SLE",0.0233355737296211
"ITA","SVN",0.940112038359044
"ITA","SVK",0.117200184419475
"ITA","SGP",0.00247940470877224
"ITA","ZAF",0.183898905722995
"ITA","ESP",2.74396846121964
"ITA","SWE",0.0941173693316467
"ITA","CHE",0.196615258170525
"ITA","TKM",0.00680620900447281
"ITA","TUN",0.0498422852464281
"ITA","TUR",0.126662577257667
"ITA","ARE",0
"ITA","GBR",0.0360913817195752
"ITA","UKR",0.0964807906828937
"ITA","USA",0.0222463244163865
"ITA","BFA",0.0193247719948424
"ITA","URY",0.0593248623141292
"ITA","UZB",0.00422957273849382
"ITA","VEN",0.00145847335810132
"ITA","VNM",0.000233355737296211
"ITA","ETH",0.0102093135067092
"ITA","COD",0.000904253482022816
"ITA","BEL",2.08715293970794
"ITA","LUX",0.036832934395872
"ITA","SRB",5.99731992990976
"ITA","MNE",0.00571721556375716
"ITA","SDN",0.00226063370505704
"CIV","DZA",0.852205903832153
"CIV","AUS",0.000213051475958038
"CIV","AUT",0.0380595156651439
"CIV","BHS",0
"CIV","CMR",0.812152758980731
"CIV","CAN",0.00349759506364446
"CIV","TCD",0.00126978679670991
"CIV","CHN",0.854263981089907
"CIV","COG",0.108564336244686
"CIV","BEN",0.798876362263108
"CIV","DNK",0.000149136033170627
"CIV","GNQ",0.00468713247107684
"CIV","FRA",0.481282703139728
"CIV","DJI",4.26102951916076e-06
"CIV","GAB",0.0072107272037998
"CIV","GMB",0.110022288672683
"CIV","DEU",5.50780941961065
"CIV","GHA",5.43290171273754
"CIV","GRC",0
"CIV","GIN",0.710544142541086
"CIV","HUN",0
"CIV","ISL",8.52205903832153e-06
"CIV","IND",12.7707315718767
"CIV","ISR",0
"CIV","ITA",0.644521194553497
"CIV","JPN",0.000852205903832153
"CIV","KWT",1.70441180766431e-05
"CIV","LBN",0.00397127951185783
"CIV","LBR",0.125936431850604
"CIV","LTU",0.00928904435177046
"CIV","MLI",15.2204059645013
"CIV","MRT",0.0058205663231736
"CIV","MAR",0.920818421492852
"CIV","MOZ",0.00596544132682507
"CIV","NLD",3.31356717910421
"CIV","NER",7.39530424854296
"CIV","NGA",11.9238346601766
"CIV","NOR",0.00170441180766431
"CIV","PAK",7.45680165853133e-06
"CIV","PAN",0
"CIV","PRT",0.0213349748024379
"CIV","GNB",0.0157658092208948
"CIV","ZWE",2.13051475958038e-05
"CIV","RUS",0.239075003574726
"CIV","SEN",8.88870416537671
"CIV","SLE",0.00852205903832153
"CIV","ZAF",1.42034317305359e-06
"CIV","ESP",4.74152057963091
"CIV","SWE",6.39154427874114e-06
"CIV","CHE",0.68001379501914
"CIV","TZA",0.0903338258062082
"CIV","TGO",1.77960863046295
"CIV","OMN",4.68713247107684e-05
"CIV","TUN",0.000213051475958038
"CIV","ARE",0.00212944950220059
"CIV","GBR",0.593491713750531
"CIV","UKR",0.228668149145762
"CIV","USA",0.0210673046753707
"CIV","BFA",10.6106173770583
"CIV","VNM",0.130387503286319
"CIV","COD",3.17145188728701
"CIV","BEL",0.670727058725026
"CIV","SDN",4.26102951916076e-06
"KAZ","KGZ",5.34187668111498
"KAZ","RUS",64.4082637349611
"KAZ","TJK",20.0032134792024
"KAZ","TKM",6.06930835648134
"KAZ","UZB",4.17733774824011
"JAM","DOM",99.0675990675991
"JAM","USA",0.932400932400932
"JPN","BRA",0
"JPN","CHN",10.2192727583252
"JPN","DNK",0
"JPN","EST",0.160478529496313
"JPN","DEU",0.0465387735539309
"JPN","HKG",0.854548169567868
"JPN","IDN",1.27332418676711
"JPN","ITA",0.102385301818648
"JPN","KOR",12.6864885506285
"JPN","MYS",24.2322579539433
"JPN","MEX",0.0802392647481566
"JPN","NLD",5.39814111330154
"JPN","RUS",0.417244176690415
"JPN","SGP",5.57783248896811
"JPN","CHE",0
"JPN","TWN",18.4460778793778
"JPN","THA",16.4927796726599
"JPN","USA",0.105273915349581
"JPN","VNM",0.545359536071638
"JPN","BEL",0.473144197798297
"JOR","CAN",0.0822877371960003
"JOR","DNK",0
"JOR","IDN",27.596497230366
"JOR","IRQ",9.3393445751866
"JOR","IRL",0.95333354068537
"JOR","LBN",4.18248211270611
"JOR","LBY",0.451579045587807
"JOR","MYS",2.10536186142937
"JOR","NLD",1.34006081778182
"JOR","SAU",7.11738751295893
"JOR","ESP",2.20771977842928
"JOR","SYR",18.1697846537205
"JOR","TUN",1.3798248615183
"JOR","ARE",0.191293901255946
"JOR","USA",0.473488991873734
"JOR","ETH",0.464122907965246
"JOR","YEM",2.34570226458111
"JOR","SDN",0.526842219852441
"JOR","PSE",19.5156909113702
"KGZ","IRL",95.8174904942966
"KGZ","KAZ",4.18250950570342
"KGZ","RUS",0
"KEN","AUS",0.00139116013575206
"KEN","BGD",0.045908284479818
"KEN","BWA",0.0306055229865453
"KEN","BDI",1.28406057441687
"KEN","CAF",0.0751226473306112
"KEN","TCD",0.135638113235826
"KEN","CHN",0.0244844183892363
"KEN","COM",0.175107313658734
"KEN","COG",0.170278000616052
"KEN","BEN",0.0765138074663633
"KEN","FRA",0.0069558006787603
"KEN","DJI",0.367733705644157
"KEN","DEU",1.39116013575206e-05
"KEN","HKG",0.0612110459730906
"KEN","IND",0.0626022061088427
"KEN","ITA",0.0482268847060714
"KEN","JPN",0.0417348040725618
"KEN","LVA",0.230237002466966
"KEN","MDG",1.19556302066532
"KEN","MWI",0.462723336978426
"KEN","MYS",1.23908546551232
"KEN","MUS",0.532981271209329
"KEN","MOZ",0.57599130540633
"KEN","MDA",0.370048596110048
"KEN","ERI",0.247626504163867
"KEN","ZWE",0.488343579653498
"KEN","RWA",7.80784086615664
"KEN","SGP",0.434691170417994
"KEN","SOM",1.22358671410581
"KEN","ZAF",0.00139116013575206
"KEN","CHE",0
"KEN","TWN",0.0584287257015865
"KEN","TZA",10.0842422876196
"KEN","THA",0.0390915998146329
"KEN","ARE",0.0705387746833082
"KEN","UGA",36.273988592805
"KEN","GBR",0.199714949088566
"KEN","USA",0.0203648454372405
"KEN","ETH",2.23749481747235
"KEN","YEM",0.0111292810860165
"KEN","COD",7.19634076776599
"KEN","ZMB",1.32920551468641
"KEN","SRB",18.2047215364515
"KEN","SDN",0.0210343412525711
"KEN","SSD",3.5696566247339
"KHM","LKA",1.33965911436074
"KHM","CHN",5.33616144303436
"KHM","IND",37.963909717425
"KHM","ITA",0.0375104552021006
"KHM","KOR",5.73433939053504
"KHM","MYS",35.3084575158259
"KHM","PAK",1.75406033373632
"KHM","SGP",0.267931822872147
"KHM","CHE",9.75727319353499
"KHM","THA",0.294725005159362
"KHM","VNM",2.20597200831401
"KOR","CHN",17.6952741451198
"KOR","COL",0.222440751744887
"KOR","DNK",1.71773691625218
"KOR","DEU",0.634368069790973
"KOR","HKG",0.0123578195413826
"KOR","IND",24.6909234436824
"KOR","JPN",0.0494312781655304
"KOR","KGZ",0.556101879362217
"KOR","KHM",0
"KOR","MYS",25.2470253230446
"KOR","MEX",0
"KOR","NLD",0
"KOR","RUS",13.5936014955209
"KOR","SAU",0.0494312781655304
"KOR","SGP",0
"KOR","TWN",0.0926836465603695
"KOR","THA",0.321303308075947
"KOR","USA",4.24182155757958
"KOR","VNM",10.8754990873938
"KWT","IRN",4.3086608194997
"KWT","IRQ",9.79097300760026
"KWT","JOR",11.2224480596
"KWT","MRT",0.949044233369977
"KWT","NLD",56.0790237498319
"KWT","QAT",4.0998710881583
"KWT","SAU",9.27927999177495
"KWT","OMN",4.2706990501649
"LVA","BLR",9.09962753975512
"LVA","EST",4.38726005190732
"LVA","LTU",59.0605737977211
"LVA","POL",1.91571106100108
"LVA","RUS",25.5368275496154
"LBN","DZA",0.459928993219388
"LBN","AUS",2.76106551688404
"LBN","AUT",0.529262362738076
"LBN","BHR",0.370483653916653
"LBN","BRA",2.38168063232134
"LBN","CMR",0.0850127670148034
"LBN","CAN",2.26206733834254
"LBN","CAF",0.950290572296215
"LBN","TCD",0
"LBN","CHL",0.0105852472547615
"LBN","CHN",0.0793893544107114
"LBN","COG",0.250178247617344
"LBN","CYP",0.368366604465701
"LBN","BEN",0.216516421120122
"LBN","DNK",0.325937405052865
"LBN","EGY",0.264631181369038
"LBN","FRA",0
"LBN","GAB",0.255516107344104
"LBN","GMB",0.264631181369038
"LBN","DEU",0.777574621256023
"LBN","GHA",0.135491164860947
"LBN","GIN",0.213557363364814
"LBN","IRQ",3.24371670563098
"LBN","CIV",1.27787457136649
"LBN","JOR",0.606761494424723
"LBN","KWT",0.617472756527755
"LBN","LBR",0.457811943768436
"LBN","MWI",0.027786274043749
"LBN","MYS",2.37109538506658
"LBN","MLI",1.41577682032435
"LBN","MLT",10.452931664077
"LBN","MRT",0.249635414424792
"LBN","MAR",0.0158778708821423
"LBN","MOZ",0.0388125732674589
"LBN","NLD",1.69562429462211
"LBN","NZL",0
"LBN","NER",0.801832479548185
"LBN","NGA",0.252533755935025
"LBN","PAN",2.17879672660508
"LBN","CZE",0
"LBN","PRY",0.185535861604292
"LBN","QAT",0.097913537106544
"LBN","ROU",0.754198866901758
"LBN","SAU",1.12468252081841
"LBN","SEN",0.297108644537056
"LBN","SLE",0.146723288336833
"LBN","SWE",0.538965506054941
"LBN","SYR",34.9994584699155
"LBN","TGO",0.0757506756668871
"LBN","OMN",0
"LBN","TUN",4.05767811432525
"LBN","TUR",2.38168063232134
"LBN","ARE",0.980899578941234
"LBN","GBR",0.196157863189799
"LBN","USA",13.4961902498209
"LBN","URY",0.0132315590684519
"LBN","VEN",0.525733946986489
"LBN","ZMB",0.570280195850277
"LBY","NER",100
"LTU","AUT",0.132035842793275
"LTU","BGR",3.21287217463635
"LTU","DNK",0.528847562334662
"LTU","BLR",0.444887436967339
"LTU","EST",4.82467352794739
"LTU","FIN",1.47175952766903
"LTU","GEO",0.234730387188044
"LTU","DEU",0.798024633842552
"LTU","HUN",0.00264071685586549
"LTU","IRL",0
"LTU","ITA",0.489852976763049
"LTU","KAZ",1.81740002280343
"LTU","KGZ",0.440119475977582
"LTU","LVA",14.9476310561346
"LTU","MYS",2.68472880346325
"LTU","NLD",3.42530317504153
"LTU","NOR",0.00176047790391033
"LTU","CZE",11.8234373133504
"LTU","POL",16.8762345998684
"LTU","ROU",3.05857886120078
"LTU","RUS",9.48881085727317
"LTU","SVN",1.40855837091865
"LTU","SVK",0.843973107134611
"LTU","ESP",0.0440119475977582
"LTU","TJK",0.0880238951955164
"LTU","SWE",0.800137207327244
"LTU","CHE",16.9886117727347
"LTU","GBR",0.058976009780996
"LTU","UKR",2.11257348469239
"LTU","USA",0.762873758361142
"LTU","UZB",0.013643703755305
"LTU","BEL",0.174287312487122
"MAC","HKG",57.8947368421053
"MAC","MYS",42.1052631578947
"MDG","COM",0.00272553365097157
"MDG","FRA",0.0844915431801186
"MDG","DEU",0.00272553365097157
"MDG","MUS",17.2444514096971
"MDG","NLD",15.5355418105379
"MDG","CHE",64.1224377854358
"MDG","TWN",0.00953936777840049
"MWI","CAN",2.50984251968504
"MWI","CHN",0.0553641732283465
"MWI","KEN",7.38188976377953
"MWI","MOZ",9.22736220472441
"MWI","ZWE",0
"MWI","ZAF",0.00922736220472441
"MWI","SWZ",0
"MWI","ETH",0
"MWI","ZMB",80.816313976378
"MYS","ARM",0.000561597085114864
"MYS","AFG",0.376395405263263
"MYS","ALB",0.00480503931060152
"MYS","DZA",0.199370808715195
"MYS","ATG",0.000899579117205405
"MYS","ARG",0.0119477667764802
"MYS","AUS",0.616345656643925
"MYS","AUT",0.00216764876653667
"MYS","BHS",0.00446103423697764
"MYS","BHR",0.036434313448121
"MYS","BRB",0.00143079066065297
"MYS","BGD",1.84337196255412
"MYS","BTN",0.000494449607546783
"MYS","BOL",0.00205837540326883
"MYS","BWA",0.000336372236719233
"MYS","BRA",0.081665987521032
"MYS","BLZ",7.30076210649324e-06
"MYS","SLB",0.00125794956521207
"MYS","BRN",0.0409682465383487
"MYS","BGR",0.0587258265031092
"MYS","MMR",1.06634878608346
"MYS","BDI",0.00153572385514345
"MYS","CMR",0.165600732926497
"MYS","CAN",0.0710852786820868
"MYS","CPV",0.000632785619969316
"MYS","CAF",0.00769388150238332
"MYS","LKA",0.702856757534122
"MYS","TCD",0.00916596764629421
"MYS","CHL",0.0101177318645662
"MYS","CHN",16.7626845376336
"MYS","COL",0.0464284213680936
"MYS","COM",0.00563109179717158
"MYS","COG",0.197763881838399
"MYS","CRI",0.000765943294051843
"MYS","CUB",0.00304450081710722
"MYS","CYP",0.0039673516188003
"MYS","AZE",0.00206985762193297
"MYS","BEN",1.59287772479055
"MYS","DNK",0.43119467258295
"MYS","DMA",0.000993686743039653
"MYS","DOM",0.0140384465537381
"MYS","BLR",0.000116909862762173
"MYS","ECU",0.0640568623051071
"MYS","EGY",2.49152861571947
"MYS","SLV",0.0188843124186016
"MYS","GNQ",0.0391208163232046
"MYS","EST",0.0319797605679038
"MYS","FJI",0.0193802204027686
"MYS","FIN",0.415227293204683
"MYS","FRA",0.0193255212906287
"MYS","PYF",0.000250276961844668
"MYS","DJI",0.559128184462128
"MYS","GEO",0.0867571976163467
"MYS","GAB",0.0563739520164214
"MYS","GMB",0.12468556159364
"MYS","DEU",0.609782405805143
"MYS","BIH",0.000325734448454811
"MYS","GHA",0.894854147242468
"MYS","KIR",0.00429377725979088
"MYS","GRC",0.134666194116813
"MYS","GRD",0.000772982227952099
"MYS","GTM",0.0052809985375981
"MYS","GIN",0.141964547000351
"MYS","GUY",0.0168454528353203
"MYS","HTI",0.253340912344856
"MYS","HND",0.0013834059065964
"MYS","HKG",0.565579812885803
"MYS","HUN",0.00869594751194992
"MYS","HRV",0.0422919754215446
"MYS","IND",14.1462543384025
"MYS","IDN",0.126324709370927
"MYS","IRN",2.37272900318315
"MYS","IRQ",0.0808740530562708
"MYS","IRL",0.000354856105998884
"MYS","ITA",1.65801196115904
"MYS","CIV",0.1745990065733
"MYS","KAZ",0.0366073008885957
"MYS","JAM",0.00727610415745797
"MYS","JPN",3.29133399570379
"MYS","JOR",0.562961134512442
"MYS","KGZ",0.00529289625671435
"MYS","KEN",1.02009156692084
"MYS","KHM",0.056914609311074
"MYS","PRK",0.0379714895755686
"MYS","KOR",1.51035977229388
"MYS","KWT",0.128950636342239
"MYS","LVA",0.0338349572506513
"MYS","LAO",0.00235495649457293
"MYS","LBN",0.0461809840231309
"MYS","LBR",0.050641141616889
"MYS","LBY",0.00191605815585812
"MYS","LTU",0.00492769350926287
"MYS","MAC",0.000847669756819462
"MYS","MDG",0.21929805686526
"MYS","MWI",0.00393197315690258
"MYS","MDV",0.031753910066742
"MYS","MLI",0.00641633770724163
"MYS","MLT",0.000571386882128483
"MYS","MRT",0.343774728126287
"MYS","MUS",0.0302729252792623
"MYS","MEX",0.0498225774138463
"MYS","MNG",0.00888052371915229
"MYS","MAR",0.0673856069408026
"MYS","MOZ",0.521839458762539
"MYS","MDA",0.00124319281696003
"MYS","NAM",0.390716284096533
"MYS","NPL",0.00661509575962037
"MYS","NLD",7.68713984778026
"MYS","NCL",0.00043351109154084
"MYS","MKD",0.00161007442575975
"MYS","VUT",0.000751294813560837
"MYS","NZL",0.119470592307455
"MYS","NIC",0.0201845317569653
"MYS","NER",0.0402345854293102
"MYS","NGA",0.974271564407489
"MYS","NOR",0.00194313105497418
"MYS","PAK",8.12242403482099
"MYS","PAN",0.00971609350051398
"MYS","CZE",0.00102852412656198
"MYS","PNG",0.0483042338786115
"MYS","PRY",2.93007174842538e-05
"MYS","PER",0.0194746400062575
"MYS","PHL",2.45405357741221
"MYS","POL",0.00411282990789536
"MYS","PRT",0.0337411579783178
"MYS","GNB",0.0170421806192956
"MYS","TLS",0.000415044663164455
"MYS","ERI",0.0219914645952861
"MYS","QAT",0.0530963722164897
"MYS","ZWE",0.00514892718135546
"MYS","ROU",0.044831442920211
"MYS","RWA",0.00707899637057838
"MYS","RUS",0.739775032264781
"MYS","KNA",0.000471741551496486
"MYS","LCA",0.000749585605040922
"MYS","VCT",0.000227285665525357
"MYS","STP",0.00134381880598033
"MYS","SAU",1.10621356760135
"MYS","SEN",0.176638686121038
"MYS","SYC",0.002327680390575
"MYS","SLE",0.0363288388562825
"MYS","SVN",0.00171318731317652
"MYS","SVK",0.00179771622052891
"MYS","SGP",2.39528398962161
"MYS","SOM",0.24586776102087
"MYS","ZAF",0.780595658014867
"MYS","ESP",0.879172439870792
"MYS","SUR",0.00622167406211991
"MYS","TJK",0.00307329898289159
"MYS","SWZ",0.00163112210781927
"MYS","SWE",0.371617650248042
"MYS","CHE",0.0204886265896741
"MYS","SYR",0.188489158200298
"MYS","TKM",0.00181049133335204
"MYS","TWN",1.07306371807963
"MYS","TZA",0.92742602346368
"MYS","THA",0.247301248679382
"MYS","TGO",0.825008155724886
"MYS","TON",0.000381348838057563
"MYS","TTO",0.0353057496994372
"MYS","OMN",0.388253725273331
"MYS","TUN",0.0843298689103669
"MYS","TUR",1.70723683689952
"MYS","ARE",1.46065586644844
"MYS","UGA",0.0130688362377379
"MYS","TUV",4.21344317423569e-05
"MYS","GBR",0.219198730762615
"MYS","UKR",0.864459793796623
"MYS","USA",3.18479314742637
"MYS","BFA",0.0184804294975038
"MYS","URY",0.0121576246194186
"MYS","UZB",0.0705641574939461
"MYS","VEN",0.00089297075895851
"MYS","VNM",2.50306433815967
"MYS","ETH",0.307574749068891
"MYS","YEM",0.580261942928638
"MYS","COD",0.0659300671627564
"MYS","ZMB",0.00307740726693236
"MYS","BEL",0.0170582514164963
"MYS","LUX",0.0321739824666566
"MYS","SRB",0.00523649725901007
"MYS","MNE",0.00239684578065077
"MYS","SDN",0.0359905034714918
"MYS","PSE",0.00102443679958518
"MDV","IRL",100
"MLI","BDI",0.0128456034033293
"MLI","CAN",0
"MLI","FRA",0.0201499661228695
"MLI","GMB",1.11983436727847
"MLI","GIN",1.39269849185899
"MLI","IDN",3.39459762616607
"MLI","CIV",43.3319983980777
"MLI","MYS",7.53104983842246
"MLI","NZL",2.4935583077051
"MLI","NER",1.82676234542247
"MLI","SEN",12.6914561624893
"MLI","SGP",25.3385823995083
"MLI","USA",0.028713701725089
"MLI","BFA",0.817752791819785
"MLT","EGY",100
"MLT","LBY",0
"MUS","FRA",0
"MUS","MDG",80.4942933150262
"MUS","MYS",19.2087874367116
"MUS","SYC",0
"MUS","YEM",0.29691924826225
"MEX","ARG",0.275263020797681
"MEX","BHS",4.28039437321042
"MEX","BRA",0.286181839098662
"MEX","BLZ",0.09772536664401
"MEX","CAN",0.00829597048846765
"MEX","CHL",0.829597048846765
"MEX","COL",25.8177401576923
"MEX","CRI",0.00258399080788337
"MEX","CUB",0.172266053858891
"MEX","DNK",0.0304638916297829
"MEX","DOM",0.121583567486723
"MEX","ECU",4.49255361848926
"MEX","FRA",0
"MEX","DEU",0.000271999032408775
"MEX","GTM",9.66332905288888
"MEX","HTI",6.09277832595657
"MEX","HND",0.00618797798729964
"MEX","HRV",5.24958132548937
"MEX","ITA",0.00183599346875923
"MEX","JPN",0.0135999516204388
"MEX","KOR",0.385694627955643
"MEX","NLD",0.000271999032408775
"MEX","NIC",8.97290808037499
"MEX","PAN",0.206719264630669
"MEX","CHE",0.190399322686143
"MEX","USA",27.786972352477
"MEX","URY",4.90600121438501
"MEX","VEN",0.10879961296351
"MEX","BEL",0
"MNG","CAN",33.6760072956392
"MNG","RUS",66.3239927043608
"MAR","CAN",0.0696690424648345
"MAR","COG",0.210782134845837
"MAR","BEN",0.710002980533345
"MAR","GNQ",6.50096479050844
"MAR","FRA",0
"MAR","GAB",1.02062928451668
"MAR","GMB",9.529571254346
"MAR","DEU",1.0354210132778
"MAR","GHA",4.41533103519174
"MAR","GIN",7.48609392599846
"MAR","ITA",0
"MAR","CIV",2.26313450045004
"MAR","KWT",0
"MAR","LBR",1.73063226505003
"MAR","LBY",1.61969429934169
"MAR","MLI",4.20085096815563
"MAR","MLT",0.37718908340834
"MAR","MRT",20.8086342279124
"MAR","NLD",0.310626303983339
"MAR","NER",12.6691156838919
"MAR","GNB",2.17438412788337
"MAR","STP",1.84157023075836
"MAR","SEN",17.0578216073136
"MAR","SLE",0.465939455975008
"MAR","SGP",0.310626303983339
"MAR","ESP",0.110937965708335
"MAR","TGO",2.51829182157921
"MAR","BEL",0.562085692922232
"MDA","BLR",94.3396226415094
"MDA","RUS",5.66037735849057
"NAM","CAN",0
"NAM","FRA",0.101852706691008
"NAM","DEU",0.00714755836428127
"NAM","ZWE",0.714755836428127
"NAM","ZAF",0.357377918214063
"NAM","GBR",0.0402050157990821
"NAM","USA",0.247782023295084
"NAM","COD",39.4580959500147
"NAM","ZMB",38.0607482897978
"NPL","IND",99.9963504309399
"NPL","TWN",0.00364956906010191
"NLD","ARM",0.000486308371566699
"NLD","ALB",0.00154072418720896
"NLD","DZA",0.0105565664171299
"NLD","ARG",0.00476902389324246
"NLD","AUS",0.000477240796434445
"NLD","AUT",2.59963014457724
"NLD","BHS",0.0095448159286889
"NLD","BHR",0.00143172238930333
"NLD","BGD",0.000477240796434445
"NLD","BRA",0.00423864822216084
"NLD","BLZ",0.000381792637147556
"NLD","BGR",0.116862812856336
"NLD","CMR",0.0339795447061325
"NLD","CAN",0.108727957136633
"NLD","CPV",0.0208076987245418
"NLD","CAF",0.000232416267863575
"NLD","CHL",0.00142654091779919
"NLD","CHN",0.0043242788564925
"NLD","COL",0.00978033426172929
"NLD","COG",1.14537791144267e-05
"NLD","CUB",0.00448606348648378
"NLD","CYP",0.0330534589406514
"NLD","DNK",0.577139660003354
"NLD","DOM",0.000286344477860667
"NLD","BLR",0.0183563990977359
"NLD","ECU",0.0114432798169051
"NLD","EGY",0.0156414610496286
"NLD","EST",0.016286372445877
"NLD","FIN",1.18112447428623
"NLD","FRA",12.7232765106402
"NLD","GEO",0.000611822701028958
"NLD","GAB",0.159188201438275
"NLD","GMB",0.003865650451119
"NLD","DEU",24.6942658154435
"NLD","BIH",0.0498702633210633
"NLD","GHA",0.111858322692686
"NLD","GRC",0.374555323855154
"NLD","GTM",0.000329296149539767
"NLD","GIN",0.00229075582288533
"NLD","GUY",0.0202700074272256
"NLD","HTI",0.00484367592327866
"NLD","HKG",0.00187918336004027
"NLD","HUN",0.685601915495849
"NLD","HRV",0.164560489720862
"NLD","ISL",0.00109542670808253
"NLD","IND",0.00156616112165892
"NLD","IDN",0.00234638846429826
"NLD","IRN",0.0485264168704101
"NLD","IRL",0.473604612035357
"NLD","ISR",0.00867092837531787
"NLD","ITA",3.91154123193571
"NLD","KAZ",0.0011000400357814
"NLD","JPN",0.0260232247683756
"NLD","JOR",0.000859033433582
"NLD","KOR",0.0210519337203641
"NLD","KWT",0.00615640627400434
"NLD","LVA",0.00483482045516704
"NLD","LBN",0.00323130198449834
"NLD","LBR",0
"NLD","LBY",0.00285199099949224
"NLD","LTU",0.133974399786405
"NLD","MAC",8.01764538009867e-05
"NLD","MYS",0.00293451027174845
"NLD","MLI",0.000256755548481731
"NLD","MLT",0.00416188682912395
"NLD","MEX",0.000729223936951832
"NLD","MAR",0.030771412762301
"NLD","MDA",0.00195668726538122
"NLD","NCL",0.000190896318573778
"NLD","MKD",0.0081108266456025
"NLD","NZL",0
"NLD","NER",0.0629957851293467
"NLD","NGA",0.0137450121781084
"NLD","NOR",0.0452928718541685
"NLD","PAK",0
"NLD","CZE",0.640758981926006
"NLD","PNG",0.00639502667222156
"NLD","PER",9.5448159286889e-05
"NLD","PHL",0.000100440832234203
"NLD","POL",5.38135468217751
"NLD","PRT",1.10495492181624
"NLD","QAT",0.001718066867164
"NLD","ROU",0.931566528943874
"NLD","RUS",5.13145176793745
"NLD","LCA",0.00615640627400434
"NLD","SAU",0.00643286504965315
"NLD","SEN",0.0220485247952713
"NLD","SLE",0.00205213542466811
"NLD","SVN",0.00528622275999655
"NLD","SVK",0.131689565054959
"NLD","SGP",0.00413201899278606
"NLD","SOM",0.000229075582288533
"NLD","ZAF",0.00935999815078549
"NLD","ESP",3.33731911846306
"NLD","SUR",0.0166880501162093
"NLD","SWE",0.742335737364125
"NLD","CHE",0.382829247542938
"NLD","SYR",0.0123960433429068
"NLD","TWN",0.00026200519724251
"NLD","TZA",0
"NLD","THA",0.000185169429016565
"NLD","TGO",0.177565392326709
"NLD","TTO",0.0316422579055948
"NLD","TUN",0.00242955754083779
"NLD","TUR",0.0609802063496855
"NLD","ARE",0.00313097233363649
"NLD","GBR",4.81435092252199
"NLD","UKR",0.0627186275368174
"NLD","USA",0.122862779597269
"NLD","BFA",0.00811309353938556
"NLD","VNM",9.67208014107141e-05
"NLD","ETH",4.77240796434445e-05
"NLD","COD",6.36321061912593e-06
"NLD","BEL",26.9675082894366
"NLD","LUX",0.316507474890958
"NLD","SRB",0.535081235584388
"NCL","VUT",NA
"MKD","ALB",3.53008928756766
"MKD","BGR",1.07660907077021
"MKD","CHN",0.461403887472949
"MKD","DEU",0.00153801295824316
"MKD","GRC",1.00009292609762
"MKD","IDN",1.99941684571611
"MKD","MYS",28.3763390795864
"MKD","CZE",29.7605507420052
"MKD","ROU",1.73026457802356
"MKD","SYC",0.461403887472949
"MKD","SGP",0.461403887472949
"MKD","TUR",0.0769006479121582
"MKD","VNM",1.8456155498918
"MKD","SRB",18.2158113970202
"MKD","MNE",1.05161636019876
"VUT","AUS",14.0689655172414
"VUT","FRA",3.86206896551724
"VUT","IND",33.1034482758621
"VUT","NLD",14.0689655172414
"VUT","NCL",0.551724137931034
"VUT","NZL",0.827586206896552
"VUT","SGP",33.1034482758621
"VUT","USA",0.413793103448276
"NZL","AUS",36.4439400899536
"NZL","SLB",1.04856939607728
"NZL","COK",0.058458974546562
"NZL","FJI",3.9367259985374
"NZL","KIR",5.14438976009746
"NZL","IDN",0.217426361471424
"NZL","MYS",26.074753839856
"NZL","PHL",26.2552587437191
"NZL","TON",0.410238417870611
"NIC","CAN",0
"NIC","COL",4.72909648489061
"NIC","CRI",4.61961866493675
"NIC","DOM",1.26224764785964
"NIC","ECU",0.782244536838344
"NIC","SLV",2.44223599461771
"NIC","FRA",0.00202438999207666
"NIC","DEU",5.5699673558995
"NIC","GTM",1.62379863946955
"NIC","HND",1.41397972654577
"NIC","KOR",0
"NIC","MEX",48.2083157278228
"NIC","NLD",21.0920231689221
"NIC","PAN",0.0136646324465175
"NIC","GBR",0.0354268248613416
"NIC","USA",1.52464654814513
"NIC","VEN",0
"NIC","BEL",6.68070965675212
"NER","BRB",0
"NER","BRA",0.7274658882864
"NER","BRN",0.00543335518222207
"NER","BGR",0.052733730574122
"NER","CAN",0.0482964905086407
"NER","TCD",8.99193618970285
"NER","CHN",0.282359825916119
"NER","BEN",20.0465676956277
"NER","FRA",0.117534037448762
"NER","GAB",0.136543234259898
"NER","DEU",0.940528874695925
"NER","GHA",2.57117535786179
"NER","GIN",0.053035583639801
"NER","HKG",0.487613442297863
"NER","IND",0.532731420024904
"NER","IDN",6.83276863368986
"NER","CIV",0.256322303884647
"NER","JAM",0.0414293332644433
"NER","MYS",18.6380928473229
"NER","MLI",0.136626243852959
"NER","NGA",34.2751556788221
"NER","SGP",1.96184201457493
"NER","THA",0.0941882182607052
"NER","TGO",0.652500679425019
"NER","TUR",0.16717830189566
"NER","ARE",0.118990478490663
"NER","USA",0.297325269693819
"NER","BFA",1.46948109433853
"NER","BEL",0.0641437764567884
"NGA","AUS",0.0260799186228237
"NGA","AUT",0.00832848987750357
"NGA","BHR",0.000266938778125115
"NGA","BWA",5.33877556250229e-05
"NGA","CAN",0.871047926900061
"NGA","BEN",95.7885602852757
"NGA","FIN",0.000213551022500092
"NGA","FRA",0.00405746942750174
"NGA","GEO",0
"NGA","GMB",0.0461804086156448
"NGA","DEU",0.00680693884219042
"NGA","GHA",0.604803189598072
"NGA","GRD",0.000320326533750137
"NGA","IND",0.000854204090000367
"NGA","IRL",0.0155625307646942
"NGA","ISR",0.00731412252062814
"NGA","ITA",0.00331004084875142
"NGA","KAZ",5.33877556250229e-05
"NGA","MWI",0.00154824491312566
"NGA","MLI",0.112114286812548
"NGA","NAM",5.33877556250229e-05
"NGA","NLD",0.0324864492978264
"NGA","NZL",0.00176179593562576
"NGA","NER",0.10576114389317
"NGA","NOR",0.00136138776843808
"NGA","PAK",0.00168171430218822
"NGA","CZE",0.000213551022500092
"NGA","RUS",0.0133469389062557
"NGA","SYC",5.33877556250229e-05
"NGA","SGP",0.00678024496437791
"NGA","ZAF",1.00070009143543
"NGA","SWE",0.000774122456562832
"NGA","CHE",0.00814163273281599
"NGA","THA",0.00106775511250046
"NGA","ARE",0.210801553085403
"NGA","GBR",0.299558696812004
"NGA","USA",0.652878863538405
"NGA","BFA",0.138381062580059
"NGA","URY",0
"NGA","BEL",0.0266137961790739
"NGA","LUX",5.33877556250229e-05
"NGA","SDN",5.33877556250229e-05
"NOR","DNK",0.012657112787393
"NOR","FIN",0
"NOR","FRA",6.32855639369648
"NOR","GMB",0.180815896962757
"NOR","DEU",24.7717778838976
"NOR","ISL",6.29239321430393
"NOR","NLD",2.49525937808604
"NOR","POL",0.180815896962757
"NOR","ROU",13.4707843237254
"NOR","KNA",1.2657112787393
"NOR","SWE",8.2353295717445
"NOR","TTO",5.06284511495718
"NOR","GBR",28.9908154796953
"NOR","USA",2.71223845444135
"PAK","AFG",99.3035053030332
"PAK","AUS",0.083192422137697
"PAK","DNK",0
"PAK","GIN",0
"PAK","HKG",0.0570738710014433
"PAK","IRQ",0.415962110688485
"PAK","ZAF",0.0725515309340381
"PAK","USA",0.0677147622051022
"PAN","AUS",0.742911413410756
"PAN","BRA",0.118801533551093
"PAN","COL",6.15959745241783
"PAN","CRI",4.73639667765134
"PAN","CUB",0.00910811757225049
"PAN","DOM",1.35821600313663
"PAN","SLV",0.868175206850601
"PAN","DEU",4.82602112028388
"PAN","GTM",1.14600579323023
"PAN","HND",1.49007988177376
"PAN","ISR",0.0110066126672336
"PAN","ITA",16.7807166140919
"PAN","MEX",20.3120350216895
"PAN","NLD",9.61035271922476
"PAN","NZL",0.436770343937843
"PAN","NIC",3.77457164175267
"PAN","PER",5.24124412725412
"PAN","ESP",8.56416669771259
"PAN","CHE",1.04388112201145
"PAN","GBR",12.6637193521338
"CZE","ARM",0.0546727257176384
"CZE","AUT",0.161401696707857
"CZE","BGR",0.32803635430583
"CZE","FRA",0.000273363628588192
"CZE","GEO",0.00218690902870553
"CZE","DEU",1.04620165855395
"CZE","GRC",0
"CZE","HUN",1.00789169860466
"CZE","HRV",0.0182242419058795
"CZE","ITA",0.882281111268389
"CZE","LVA",0.601399982894022
"CZE","LTU",0.329457845174489
"CZE","MYS",0.710745434329299
"CZE","NLD",1.39319773309972
"CZE","NOR",0
"CZE","POL",57.3465757699267
"CZE","ROU",0.0546727257176384
"CZE","SVN",1.03003415252031
"CZE","SVK",32.8159498111851
"CZE","SWE",0.275368295197839
"CZE","CHE",0.0273363628588192
"CZE","GBR",0.0229625448014081
"CZE","UKR",0.0546727257176384
"CZE","BEL",0
"CZE","LUX",0.00492054531458745
"PNG","AUS",0.491286639929096
"PNG","CHN",1.05548254349637
"PNG","DNK",0.0154399427241527
"PNG","FRA",0.145907147188863
"PNG","DEU",12.7712739334326
"PNG","GRC",0.00346171533208213
"PNG","IND",6.49925514547313
"PNG","IDN",0.324769824339148
"PNG","ITA",3.71535752227401
"PNG","JPN",0.0138468613283285
"PNG","KEN",0.33876484708369
"PNG","KOR",3.06296172766572
"PNG","LBN",4.15405839849855e-06
"PNG","MYS",4.79181107955688
"PNG","NPL",0.664679114511625
"PNG","NLD",35.5599293365357
"PNG","POL",8.44658541028039e-05
"PNG","SGP",0.664787812373052
"PNG","ESP",7.49028908838395
"PNG","SWE",0.0234828921267123
"PNG","CHE",0.267895621743781
"PNG","TUR",0.00275067900287246
"PNG","GBR",19.1016071953779
"PNG","USA",0.191502092170783
"PNG","BEL",2.76027718558321
"PRY","CHL",48.0769230769231
"PRY","URY",51.9230769230769
"PER","ARG",0.26891952760717
"PER","BOL",0.694359483264183
"PER","BRA",1.2639472776923
"PER","CHL",8.10729247950118
"PER","COL",28.7422378334849
"PER","CUB",0.311217943773236
"PER","DOM",8.87303145748209
"PER","ECU",3.14976923457113
"PER","DEU",0.00176963305177157
"PER","GTM",3.41302847352095
"PER","MEX",17.5126235786294
"PER","MAR",9.497620588858
"PER","NLD",10.0833491492664
"PER","PAN",0.051342192476237
"PER","ESP",2.29396581085529
"PER","ARE",2.28339748615686e-05
"PER","GBR",5.72561919653833
"PER","USA",0.000704047558231699
"PER","VEN",0.00917925789435058
"PER","BEL",0
"PHL","ARG",0
"PHL","AUS",0.0563421092754485
"PHL","CMR",1.63296506046697
"PHL","CAN",0.0721008265061269
"PHL","LKA",11.0759310306429
"PHL","CHN",1.26636884036316
"PHL","DNK",0.00341467328942112
"PHL","DEU",11.6935486796226
"PHL","HKG",0.110050651776431
"PHL","IND",32.9030299178842
"PHL","IRN",4.0105337784251
"PHL","JPN",0.144628487173431
"PHL","KOR",0.261751781000576
"PHL","MAC",0.0015366029802395
"PHL","MYS",18.924660026576
"PHL","MAR",1.60687695653579
"PHL","PAK",0.892278792055051
"PHL","PRT",4.1805475159443
"PHL","RUS",0.0307320596047901
"PHL","SGP",2.42269077991676
"PHL","CHE",3.84406845556582
"PHL","TWN",0.0831174162061218
"PHL","THA",3.91833759961073
"PHL","TUR",0.112718365283791
"PHL","USA",0.751769593294254
"POL","AUT",0.420362544889642
"POL","BGR",0.405474704758134
"POL","CHN",0.0126497988045494
"POL","COK",0.0240021823470937
"POL","CYP",0.0684386550707673
"POL","AZE",0.0172988701600676
"POL","DNK",0.259483052401013
"POL","BLR",1.69363661576954
"POL","EGY",0
"POL","EST",0.521541855689831
"POL","FIN",6.17504793951312
"POL","FRA",0.0395961157846546
"POL","PYF",0.000324353815501267
"POL","GEO",0.000162176907750633
"POL","DEU",8.80475603850774
"POL","BIH",0.0467069494321824
"POL","GRC",1.23119302467356
"POL","HUN",8.01958727192842
"POL","HRV",0.0941707244338678
"POL","ISL",0.0120551501427971
"POL","IND",0.0108117938500422
"POL","IRL",0.14593426668207
"POL","ITA",0.788087099149364
"POL","KAZ",3.67600990901436
"POL","JOR",1.02009274975148
"POL","LVA",1.72195836718339
"POL","LTU",22.7964871362499
"POL","MLT",0.207910795736312
"POL","MEX",0.00259483052401013
"POL","MDA",5.40589692502111e-05
"POL","NLD",4.63259811325209
"POL","MKD",0
"POL","NOR",0.0196774648070769
"POL","CZE",18.5415034141087
"POL","PRT",0.121957034628476
"POL","ROU",5.62962672663427
"POL","RUS",0.433910554260195
"POL","SVN",3.95930593737009
"POL","SVK",6.76221844385249
"POL","SGP",0
"POL","ESP",0.00648707631002534
"POL","SWE",0.225923244290482
"POL","CHE",0.00102712041575401
"POL","GBR",0.390560153135937
"POL","UKR",0.500303285263954
"POL","BEL",0.387700115668664
"POL","SRB",0.170772283861417
"PRT","DZA",0
"PRT","BRA",0.00155740452393936
"PRT","BGR",28.6815510639983
"PRT","CPV",6.13079369960202
"PRT","COG",0.155740452393936
"PRT","FRA",0.046254914360999
"PRT","DEU",0.01934460356051
"PRT","GRC",0
"PRT","HUN",0
"PRT","ISL",0
"PRT","IND",0
"PRT","IRL",0.0417504212763744
"PRT","ISR",0
"PRT","ITA",0.0392688426393282
"PRT","KWT",0
"PRT","MAC",0.00222486360562766
"PRT","MYS",0.0132379384534846
"PRT","MLT",0
"PRT","MAR",0.00233610678590904
"PRT","MOZ",2.63342946775201
"PRT","NLD",0.0114371894726797
"PRT","NOR",0.00233610678590904
"PRT","POL",0.21959403787545
"PRT","GNB",1.02994498463518
"PRT","TLS",0
"PRT","STP",0.129264575486967
"PRT","ZAF",0.280808687913622
"PRT","ESP",33.3955735310721
"PRT","SWE",0.00545091583378777
"PRT","CHE",0.036160986290217
"PRT","GBR",0.0202073236981132
"PRT","USA",0.313038309311812
"PRT","VEN",0.840998442927255
"PRT","ETH",0.00830615746100993
"PRT","COD",0.116026637033482
"PRT","BEL",0.0016222963791035
"PRT","LUX",0.0122468628473413
"QAT","AUS",1.14252138147157
"QAT","IRN",0.761680920981045
"QAT","JOR",7.60919240060064
"QAT","KWT",15.2336184196209
"QAT","MRT",0.228504276294313
"QAT","MAR",2.74205131553176
"QAT","SGP",23.6121085504124
"QAT","OMN",31.6097582207134
"QAT","ARE",17.060564514374
"ZWE","MWI",11.5393491807062
"ZWE","MOZ",88.4606508192938
"ZWE","ZMB",0
"ROU","AUT",4.38314686919575
"ROU","BGR",18.2061310456828
"ROU","CYP",0.00674330287568577
"ROU","FRA",0.0834483730866114
"ROU","DEU",1.85705744551475
"ROU","GRC",12.3908190340726
"ROU","HUN",3.87415718098293
"ROU","ITA",0.0260098825205023
"ROU","LBN",0.505747715676433
"ROU","MYS",3.25926305658146
"ROU","MDA",13.665799108671
"ROU","NLD",0
"ROU","MKD",3.06820280843703
"ROU","CZE",0.674330287568577
"ROU","POL",0.838066110518822
"ROU","RUS",0.0561941906307148
"ROU","SEN",0.057318074443329
"ROU","SVK",33.6107288145665
"ROU","ESP",0.00505747715676433
"ROU","GBR",0.847970336617486
"ROU","USA",0.0842912859460721
"ROU","BEL",0.12812275463803
"ROU","SRB",1.02273426947901
"RWA","BDI",0.525757152235106
"RWA","CAN",0.112593531979794
"RWA","COG",0.496011834319734
"RWA","IND",0
"RWA","MWI",1.89561947108291
"RWA","TZA",0.223186085264116
"RWA","ARE",0
"RWA","UGA",0.0945654835407871
"RWA","COD",94.5533167507471
"RWA","SDN",2.09894969083043
"RUS","ARM",1.00160641849456
"RUS","CHN",0.000417801137879095
"RUS","AZE",0.337050622955513
"RUS","DNK",0
"RUS","BLR",24.5394036029304
"RUS","EST",0.00313350853409321
"RUS","FRA",0.000208900568939547
"RUS","GEO",1.04403281841762
"RUS","DEU",0.153193750555668
"RUS","BIH",0.0128473849897822
"RUS","ISR",0.000208900568939547
"RUS","ITA",0.685019782314266
"RUS","KAZ",66.373664418309
"RUS","KGZ",0.310078077829268
"RUS","LVA",0.0644458255178504
"RUS","LTU",0.0261125711174434
"RUS","MYS",0
"RUS","MNG",0.206393762112273
"RUS","MDA",0.142531629360577
"RUS","NLD",0.684149363277018
"RUS","POL",0
"RUS","TJK",0.204064520768597
"RUS","TKM",1.47311458701945
"RUS","TWN",0
"RUS","TUR",0.00710261934394462
"RUS","GBR",0.490916337007937
"RUS","UKR",0.861206522157881
"RUS","USA",0.188010512045593
"RUS","UZB",1.01205797508431
"RUS","SRB",0.178609986443313
"RUS","MNE",0.000417801137879095
"KNA","CAN",100
"LCA","KNA",100
"STP","CMR",21.8388872844978
"STP","CPV",0.000247393258467735
"STP","GAB",0.00156682397029566
"STP","NLD",58.4276080321004
"STP","PRT",19.731690466173
"SAU","AUS",0.00365380450008449
"SAU","BHR",8.75028630349359
"SAU","EGY",0.292304360006759
"SAU","DJI",20.929869089564
"SAU","DEU",0.171874963683974
"SAU","GHA",0.00730760900016898
"SAU","IRQ",0.253263458923356
"SAU","JOR",11.1545170680829
"SAU","KEN",0.0621146765014363
"SAU","KWT",1.88079586641849
"SAU","LBN",0.434522610498381
"SAU","MYS",0.0803836990018588
"SAU","PAK",0.500571216511575
"SAU","PHL",0.0410322245359488
"SAU","ERI",0.0200959247504647
"SAU","QAT",1.52485441136859
"SAU","SEN",0.0219228270005069
"SAU","SOM",5.16253345425938
"SAU","SWE",0.000109614135002535
"SAU","SYR",0.510314695178467
"SAU","OMN",5.2774334264387
"SAU","TUR",0.171454776166465
"SAU","ARE",21.7470302866595
"SAU","ETH",14.0854163478257
"SAU","YEM",5.27384863824584
"SAU","SDN",0.240048865981384
"SAU","PSE",0.351970987493139
"SEN","BGR",5.62907384659155
"SEN","CMR",0.86920208013688
"SEN","CAN",0.0270055933745238
"SEN","CPV",0.0251006652019612
"SEN","CHN",0.026681940529671
"SEN","COG",0.283733502968721
"SEN","BEN",0.738239192995612
"SEN","FIN",0.000582575120735174
"SEN","FRA",0.128221717888966
"SEN","DJI",0.0349545072441104
"SEN","GAB",0.212057343947603
"SEN","GMB",17.7747096248776
"SEN","DEU",0.0116515024147035
"SEN","GHA",0.261382037503181
"SEN","GRC",0
"SEN","GIN",1.87697637476124
"SEN","HTI",0.0188754339118196
"SEN","IDN",1.39468483904001
"SEN","ITA",39.2772146399654
"SEN","CIV",8.83358655570744
"SEN","JPN",0.00419454086929325
"SEN","LBN",0.00104863521732331
"SEN","MLI",2.73161706444447
"SEN","MRT",1.33121592770464
"SEN","MAR",0.00349545072441104
"SEN","NER",0.00629181130393988
"SEN","NGA",0.0354594056820809
"SEN","PRT",0.0428775288861088
"SEN","GNB",10.2640633537276
"SEN","SLE",0.605878125564581
"SEN","ESP",0.053480396083489
"SEN","CHE",1.05760687418263
"SEN","TGO",1.1709759926777
"SEN","ARE",1.39468483904001
"SEN","GBR",3.49370299904884
"SEN","USA",0.0495802089594093
"SEN","BFA",0.276490152300914
"SEN","COD",0.0356535973889927
"SEN","ZMB",0.00955423198005685
"SEN","BEL",0.00819489003167478
"SLE","AUS",0.110454947839224
"SLE","CMR",4.19719548490042
"SLE","CAN",0.0434063844370278
"SLE","COG",4.8536413407004
"SLE","BEN",2.25974534668768
"SLE","DNK",0.0382581853526361
"SLE","GMB",0.0546112883265862
"SLE","DEU",0.00484536384413334
"SLE","GHA",1.74311964292697
"SLE","GIN",2.43434668687662
"SLE","IND",1.80637855978093
"SLE","IDN",3.36483600287037e-05
"SLE","ITA",0.000672967200574075
"SLE","LBN",0.0294983956251636
"SLE","NLD",1.61065165755397
"SLE","NGA",4.38101647573723
"SLE","PRT",5.11231310842106
"SLE","SEN",67.847165167027
"SLE","ESP",0
"SLE","CHE",1.76653890150695
"SLE","GBR",0.616093060035558
"SLE","USA",1.09001338685984
"SVN","ALB",0.815983453402293
"SVN","AUT",0.732672794116264
"SVN","BGR",4.2004378255043
"SVN","AZE",0
"SVN","DNK",1.97574686053824
"SVN","DEU",0.00790298744215296
"SVN","BIH",4.6364192993964
"SVN","HUN",38.8682094050819
"SVN","HRV",22.6175033107872
"SVN","ITA",2.12432302445071
"SVN","JPN",0.00395149372107648
"SVN","MKD",0.309533674817657
"SVN","SVK",19.7627372636772
"SVN","SWE",1.18544811632294
"SVN","CHE",0.187037369464287
"SVN","USA",0
"SVN","SRB",2.23226466126479
"SVN","MNE",0.339828460012577
"SVK","AUT",0.280413117122217
"SVK","AZE",0.660485251479508
"SVK","DEU",1.22180001031823
"SVK","BIH",0.00977049188579154
"SVK","HUN",11.2385897123974
"SVK","HRV",0.640944267707925
"SVK","LTU",1.2701639451529
"SVK","MLT",0.00390819675431661
"SVK","NLD",68.5888530382566
"SVK","CZE",15.7636227858826
"SVK","POL",0.0185639345830039
"SVK","SWE",0.00977049188579154
"SVK","UKR",0.195409837715831
"SVK","BEL",0.0977049188579154
"SGP","ARM",0.21106075151584
"SGP","AFG",0.518643188176119
"SGP","DZA",0.106840657633756
"SGP","ARG",0.0571022289314502
"SGP","AUS",0.649199296972353
"SGP","BHR",0.422551989747424
"SGP","BGD",0.232841462445697
"SGP","BTN",0.0257391160385171
"SGP","BRA",0.000720695249078479
"SGP","SLB",0.0837895974040226
"SGP","BRN",0.355200386311446
"SGP","BGR",0.0555964906431969
"SGP","MMR",0.799871665663511
"SGP","BDI",0.0900869061348098
"SGP","CMR",0.395192381861649
"SGP","CAN",0.0100778538950809
"SGP","CPV",0.0329589380873211
"SGP","LKA",2.95038507707903
"SGP","CHL",0.0017373903325999
"SGP","CHN",0.22549460431234
"SGP","COM",0.332876675477267
"SGP","COG",0.20702453638205
"SGP","COK",0.00257391160385171
"SGP","CYP",0.195402789259076
"SGP","AZE",0.0283387667584073
"SGP","BEN",4.12326160684272
"SGP","DNK",0.018017381226962
"SGP","EGY",0.0532606658627015
"SGP","GNQ",0.143300773604714
"SGP","FJI",0.708113111188317
"SGP","FRA",0.0247738991870727
"SGP","PYF",0.00960069028236687
"SGP","DJI",3.85633088657577
"SGP","GAB",0.506923762236687
"SGP","GMB",0.308176045023917
"SGP","DEU",0.000261252027790948
"SGP","BIH",0.0127279928810467
"SGP","GHA",3.47630395288536
"SGP","KIR",0.068224496958094
"SGP","GRC",0.170387228371419
"SGP","GTM",0.0157652085735917
"SGP","GIN",0.120927046988233
"SGP","GUY",0.123335409277564
"SGP","HTI",0.00847460395568175
"SGP","HKG",0.171610040661947
"SGP","HUN",0.0290637518601589
"SGP","HRV",0.091189666387585
"SGP","IND",0.623380916156035
"SGP","IDN",0.109655447619505
"SGP","IRN",1.48853987890024
"SGP","IRQ",3.21738950481464e-05
"SGP","ISR",0.206297789376522
"SGP","ITA",0.0109391243163698
"SGP","CIV",0.49947536038765
"SGP","KAZ",0.00450434530674049
"SGP","JPN",0.687739528380662
"SGP","JOR",0.416284239215802
"SGP","KEN",1.20014511756109
"SGP","KHM",0.324579583675264
"SGP","PRK",0.453571485441243
"SGP","KOR",0.302626640805126
"SGP","KWT",4.01892452510336
"SGP","LVA",0.0277499844790262
"SGP","LBN",0.751954547536723
"SGP","LBR",0.529122685420373
"SGP","LBY",0.056497359704545
"SGP","MAC",0
"SGP","MDG",1.15639108776726
"SGP","MYS",5.47543769640058
"SGP","MDV",0.826519694237139
"SGP","MLI",0.177921639616249
"SGP","MLT",0.0526751009728252
"SGP","MRT",0.255988378561072
"SGP","MUS",0.458370758119258
"SGP","MNG",0.0342651982262759
"SGP","MAR",0.000572695331857005
"SGP","MOZ",2.43985539311703
"SGP","NAM",0.475126757666
"SGP","NPL",1.47944761972819
"SGP","NLD",0.11346660320313
"SGP","NCL",0.0111295937750548
"SGP","VUT",0.0128818425973678
"SGP","NZL",0.0404703572270352
"SGP","NER",2.18080237444811
"SGP","NGA",4.30342271889061
"SGP","NOR",0.0292782444938132
"SGP","PAK",0.0708108821335644
"SGP","CZE",0.00179208595418175
"SGP","PNG",0.494492175597179
"SGP","PHL",0.470430021466562
"SGP","PRT",0.0713887252886291
"SGP","GNB",0.662782237991815
"SGP","TLS",0.0112294043472486
"SGP","ERI",0.612977048457285
"SGP","QAT",0.294593665893053
"SGP","ZWE",0.0231652044346654
"SGP","RWA",0.0909062679953693
"SGP","RUS",0.463749843384702
"SGP","SAU",6.98402520242781
"SGP","SEN",0.181680720517693
"SGP","SYC",0.326922624600792
"SGP","SLE",0.419225852477347
"SGP","SVN",0.022685813398448
"SGP","SOM",2.85003226100757
"SGP","ZAF",0.994894358654849
"SGP","ESP",0.246043070113967
"SGP","SUR",0.0279784191338681
"SGP","CHE",5.57680847501204e-05
"SGP","SYR",0.149544264183784
"SGP","TWN",0.172947847931761
"SGP","TZA",3.68944071035468
"SGP","THA",0.0239892851331652
"SGP","TGO",0.900358238891334
"SGP","TON",0.0359596900321449
"SGP","OMN",0.172794039999719
"SGP","TUR",0.00508991019661675
"SGP","ARE",5.90459826268889
"SGP","UGA",0.0257391160385171
"SGP","TUV",0.0169556426903731
"SGP","GBR",0.0980660321067501
"SGP","UKR",0.0635204613664832
"SGP","USA",0.525423836557516
"SGP","BFA",0.220462767996285
"SGP","URY",0.886217069543172
"SGP","UZB",0.0143710064548387
"SGP","VNM",0.869544849619178
"SGP","ETH",1.58654838798251
"SGP","YEM",2.56494409582389
"SGP","COD",1.16138495042035
"SGP","ZMB",0.0638651816705705
"SGP","BEL",0.0193702935137365
"SGP","SDN",0.08951903688721
"ZAF","DZA",0.000115921311536564
"ZAF","BWA",8.72904220059772
"ZAF","CMR",0.57960655768282
"ZAF","CAN",0.000231842623073128
"ZAF","COM",0
"ZAF","DNK",0.00788264918448636
"ZAF","FRA",7.72808743577094e-05
"ZAF","GAB",0.0368629770686274
"ZAF","DEU",0.000144901639420705
"ZAF","GHA",0.297982171377601
"ZAF","GRC",0
"ZAF","GIN",0
"ZAF","HKG",0
"ZAF","IND",0
"ZAF","CIV",0.0216772852573375
"ZAF","KEN",1.21612323424812
"ZAF","LSO",4.31314219899671
"ZAF","MDG",0.190690557477648
"ZAF","MWI",1.69001128082911
"ZAF","MYS",0.573549669155035
"ZAF","MUS",0
"ZAF","MOZ",1.38617650505318
"ZAF","NAM",3.81294173971643
"ZAF","NLD",0
"ZAF","NZL",0
"ZAF","NGA",0.0666547541335243
"ZAF","PRT",0.395523514962757
"ZAF","ZWE",33.1126328371407
"ZAF","SAU",0
"ZAF","SYC",0.00386404371788547
"ZAF","SLE",0.00985331148060795
"ZAF","SGP",0
"ZAF","SOM",0.197066229612159
"ZAF","ESP",0
"ZAF","SWZ",7.03982396874118
"ZAF","CHE",0.000386404371788547
"ZAF","TZA",0.0534860931429707
"ZAF","ARE",0.173881967304846
"ZAF","UGA",0.0112057267818679
"ZAF","GBR",0.0753488524987666
"ZAF","USA",0.000985331148060795
"ZAF","YEM",0.616701377374521
"ZAF","COD",4.05982515296143
"ZAF","ZMB",31.158589441773
"ESP","AFG",0.00066897009205106
"ESP","DZA",0.44498738095767
"ESP","ARG",0
"ESP","AUS",0
"ESP","AUT",0.51310542667342
"ESP","BRA",0.00607975760128757
"ESP","BGR",0.0176424465452682
"ESP","CMR",0.69651591937081
"ESP","CAN",0.0167636034831619
"ESP","CPV",0.0462664962486765
"ESP","TCD",0.0401382055230636
"ESP","CHN",0.00151010160485055
"ESP","COL",0.00131826459315944
"ESP","COG",0.0550916546394991
"ESP","CRI",0.00167242523012765
"ESP","CUB",0.0136105900345977
"ESP","CYP",0.0373147582227893
"ESP","BEN",0.0216431500369461
"ESP","DNK",7.87023637707129e-06
"ESP","DOM",0.00354160636968208
"ESP","ECU",0.00611910878317293
"ESP","EGY",0
"ESP","GNQ",0.0177473830302958
"ESP","EST",0.000196755909426782
"ESP","FIN",0.00148550711617221
"ESP","FRA",27.6593134452718
"ESP","GMB",0.000865726001477842
"ESP","DEU",0.299666901675689
"ESP","GHA",0.042499276436185
"ESP","GRC",0.546385538880762
"ESP","GTM",1.96755909426782e-05
"ESP","GIN",0.0350750201204811
"ESP","HTI",0
"ESP","HKG",0.000924752774305877
"ESP","HUN",0.240268478796515
"ESP","IND",1.72835309738221
"ESP","IDN",0.0389970212483883
"ESP","IRN",0.0433387683164059
"ESP","ISR",0.364069264566941
"ESP","ITA",20.0477395414933
"ESP","KAZ",0
"ESP","JPN",0.000241025989047808
"ESP","JOR",0.000754230986135999
"ESP","KHM",0
"ESP","KOR",0.0036203087334528
"ESP","LVA",0.0223055615986829
"ESP","LBN",0.024309192609679
"ESP","LBY",0.0600105523751686
"ESP","LTU",0.0187186417468298
"ESP","MYS",0.0418696575260193
"ESP","MLI",0.0275458273197495
"ESP","MLT",0.187000393699385
"ESP","MEX",0.00393511818853565
"ESP","MAR",0.283187753423977
"ESP","NLD",1.68184109348211
"ESP","MKD",0.00548555475481869
"ESP","NZL",4.91889773566956e-05
"ESP","NGA",0.0042499276436185
"ESP","NOR",0.0245944886783478
"ESP","PAN",0.00100345513807659
"ESP","CZE",0.0677578163088482
"ESP","PER",0.168137762400657
"ESP","PHL",0.000157404727541426
"ESP","POL",0.053981951310332
"ESP","PRT",36.0397092764453
"ESP","GNB",0.0255782682254817
"ESP","ROU",1.55012175682796
"ESP","RUS",3.27926515711304e-05
"ESP","SAU",0.0224892004474812
"ESP","SEN",0.580143231340986
"ESP","SLE",0.0452538591681599
"ESP","SVN",0
"ESP","SVK",0.00393511818853565
"ESP","SGP",0
"ESP","ZAF",0.0044270079621026
"ESP","SWE",0.00130464303019913
"ESP","CHE",2.27345666404134
"ESP","THA",0.00309890557347182
"ESP","TGO",0.0236107091312139
"ESP","TUN",0.0785252834522288
"ESP","TUR",0
"ESP","ARE",0.00033448504602553
"ESP","GBR",0.285424477788671
"ESP","UKR",0.0411416606611402
"ESP","USA",0.0496506978908171
"ESP","BFA",0.0393511818853565
"ESP","VEN",0.17530514294572
"ESP","VNM",0.00196755909426782
"ESP","ETH",0.0216431500369461
"ESP","COD",0.00134777797957346
"ESP","BEL",3.0243482008597
"ESP","SRB",0.00222334177652264
"ESP","SDN",0.015346960935289
"SUR","FRA",0.0127786001043586
"SUR","GUY",95.5881883139702
"SUR","NLD",4.26485778482967
"SUR","SDN",0.134175301095765
"SWZ","FRA",41.9291017007605
"SWZ","MOZ",40.8400341241174
"SWZ","ZAF",17.2308641751221
"SWE","DZA",0.471545093510536
"SWE","ARG",0.141376937549315
"SWE","AUS",0.0606939973600027
"SWE","AUT",3.56111500140998
"SWE","BRB",0.0420992504884263
"SWE","BRA",0.157750414640103
"SWE","BGR",0.608199306157928
"SWE","CAN",0.307005594849691
"SWE","CHL",0.0982315844729948
"SWE","CHN",0.00744391292727175
"SWE","COL",0.568301609547857
"SWE","CYP",0.172358158704207
"SWE","AZE",0.000440128527833548
"SWE","DNK",5.79392483953587
"SWE","DOM",0.00382720458985694
"SWE","BLR",0.434221875416535
"SWE","EGY",2.72645531921438
"SWE","EST",0.0631836685016382
"SWE","FIN",12.7289936858815
"SWE","FRA",0.596238289451518
"SWE","GEO",0.0183629276221336
"SWE","DEU",4.73919613012775
"SWE","BIH",0.159044954166633
"SWE","GRC",0.251008338674176
"SWE","GUY",0.175141386930942
"SWE","HTI",0.00306176367188555
"SWE","HKG",0.0841985009768526
"SWE","HUN",0.129981939462568
"SWE","HRV",1.57358300133488
"SWE","ISL",0.206611639783427
"SWE","IND",0.000861121032717811
"SWE","IDN",0.00814811857180542
"SWE","IRN",1.54320543472211
"SWE","IRL",0.269790586409272
"SWE","ISR",0.00574080688478541
"SWE","ITA",2.19479290415232
"SWE","KAZ",0.216374838692152
"SWE","JPN",5.74080688478541e-05
"SWE","JOR",0.000382720458985694
"SWE","PRK",0.384634061280622
"SWE","KOR",1.49116502031154
"SWE","LVA",0.0834305085891547
"SWE","LBN",0.00574080688478541
"SWE","LTU",1.46254254179494
"SWE","MYS",0.0714156376467305
"SWE","MLT",0.0142218922559084
"SWE","MEX",0.000985505181888162
"SWE","MAR",0.844557741742819
"SWE","MDA",0.0785852675783958
"SWE","NLD",2.54342722541738
"SWE","NOR",14.1483994899524
"SWE","PAK",0.165813638855552
"SWE","CZE",1.56416285912848
"SWE","PER",0.035340407182739
"SWE","PHL",7.65440917971388e-05
"SWE","POL",5.78982815666613
"SWE","PRT",0.172147662451765
"SWE","ROU",0.258563690793917
"SWE","RUS",13.0196502267998
"SWE","SAU",0.371630070574197
"SWE","SEN",0.127426776819287
"SWE","SVN",0.0410914199464307
"SWE","SVK",0.988509537491199
"SWE","SGP",0.0122470546875422
"SWE","ZAF",0.0519224089357258
"SWE","ESP",0.292313381674184
"SWE","CHE",0.289430607469481
"SWE","SYR",0.234735214844559
"SWE","TWN",0.0181792218018205
"SWE","THA",0.0372961087281559
"SWE","OMN",0.0881022496585067
"SWE","TUN",0.109314531097789
"SWE","TUR",1.03291276514272
"SWE","ARE",1.58714174341367
"SWE","GBR",1.03251388537547
"SWE","UKR",9.34170190869031
"SWE","USA",0.0303601702282651
"SWE","UZB",0.23784162923666
"SWE","VNM",0.0131400690918422
"SWE","BEL",0.694103950641227
"SWE","SRB",1.11044601536249
"CHE","ARG",0
"CHE","AUS",0.0295178846915884
"CHE","AUT",3.41045098513582
"CHE","BRA",0.0846179361158866
"CHE","DNK",26.0406778749192
"CHE","FRA",0.00516562982102796
"CHE","DEU",15.3106584451206
"CHE","HKG",0
"CHE","HUN",1.11240256880586
"CHE","IDN",0.0590357693831767
"CHE","ISR",0.0383732500990649
"CHE","ITA",7.26914807886228
"CHE","JPN",0.00393571795887845
"CHE","KOR",0
"CHE","MYS",0
"CHE","NLD",33.5982402854556
"CHE","NZL",0
"CHE","CZE",0
"CHE","PER",0
"CHE","POL",0
"CHE","SVN",0.546080866794385
"CHE","SGP",0
"CHE","ESP",11.559203645226
"CHE","SWE",0
"CHE","GBR",0.687345029246986
"CHE","UKR",0.070842923259812
"CHE","USA",0.00826500771364474
"CHE","BEL",0.166038101390184
"SYR","LBN",81.9828408007626
"SYR","MYS",18.0171591992374
"TWN","AUS",0.543291203175766
"TWN","BGD",0
"TWN","BRA",0.126690525419922
"TWN","BLZ",0.0329395366091798
"TWN","BRN",0.0633452627099611
"TWN","MMR",0.126690525419922
"TWN","CAN",0.0323060839820802
"TWN","CHN",90.5852697160229
"TWN","HKG",1.88607352455774
"TWN","IND",0.0142526841097412
"TWN","IDN",1.16314571388031
"TWN","PRK",0
"TWN","KOR",1.96972094396624
"TWN","MAC",0.0996632133303388
"TWN","MYS",0.779613485899858
"TWN","PHL",0.328951949252828
"TWN","SGP",1.47920690217166
"TWN","THA",0.190035788129883
"TWN","USA",0.0967454921388497
"TWN","BFA",0.000633452627099611
"TWN","VNM",0.481423996595704
"TZA","AUS",0.016854630677072
"TZA","BWA",0.000721738900240286
"TZA","BDI",0.811013542015795
"TZA","COL",0.0510893828259978
"TZA","COM",0.00288290088803845
"TZA","COG",66.8021998564973
"TZA","DNK",0.267611052898084
"TZA","EGY",0
"TZA","DEU",0.00243282775361894
"TZA","IND",0.00124074215434566
"TZA","IDN",2.43282775361894
"TZA","ITA",0.155700976231612
"TZA","JPN",0.153268148477993
"TZA","KEN",1.91545652146495
"TZA","MDG",0.0218954497825705
"TZA","MWI",0.783085548271304
"TZA","MYS",9.66657346795197
"TZA","MDV",1.09477248912852
"TZA","MRT",0.690850097195171
"TZA","MUS",0.119208559927328
"TZA","MOZ",0.149523621093882
"TZA","NLD",0.180896383088556
"TZA","NOR",0.109477248912852
"TZA","ZWE",0.593038257360922
"TZA","RWA",0.388486099836641
"TZA","ZAF",0.00486565550723789
"TZA","SWZ",0.0267611052898084
"TZA","CHE",0.223552542280045
"TZA","OMN",0.00594826385759832
"TZA","ARE",0.00062037107717283
"TZA","UGA",6.96948848826672
"TZA","GBR",0.00992593723476529
"TZA","USA",0.0157039031496103
"TZA","COD",1.86356782667833
"TZA","ZMB",1.94365258965811
"TZA","SDN",0.0389252440579031
"THA","AUS",0.00071377615572134
"THA","BHR",2.60146207096616e-05
"THA","BGD",1.81712079202306
"THA","BRA",0.0238467356505231
"THA","SLB",0.0032518275887077
"THA","BRN",0.000336564155431247
"THA","MMR",12.0183858332427
"THA","CAN",0.00227627931209539
"THA","LKA",0.170463647549198
"THA","CHN",4.25226411489252
"THA","COM",2.05949080618154e-05
"THA","COK",3.2518275887077e-06
"THA","BEN",0.00589556341832706
"THA","DNK",0
"THA","FRA",0.00125086967912289
"THA","DJI",0.112015704948214
"THA","DEU",6.28126018721784
"THA","GHA",0.36228448574413
"THA","KIR",0
"THA","GRC",0.00682883793628617
"THA","HKG",0.00347486470449789
"THA","ISL",0
"THA","IND",34.5900337279153
"THA","IDN",1.34347522519411
"THA","IRQ",2.21098261411414
"THA","ISR",0.00260146207096616
"THA","ITA",9.5234071477291
"THA","JPN",0.0206303593586649
"THA","KGZ",0.0214620620854708
"THA","KEN",5.71736131536932
"THA","KHM",0.879754313590364
"THA","PRK",0.0162591379435385
"THA","KOR",0.0243600317083891
"THA","LAO",0.668411534945073
"THA","LBN",0.0175598689790216
"THA","LBY",0.0105684396633
"THA","MDG",0.00622724983237524
"THA","MYS",11.249060030078
"THA","MDV",0.00154559365291277
"THA","NPL",0
"THA","NLD",4.61770109263497
"THA","VUT",0.00845475173064002
"THA","NZL",2.27627931209539e-05
"THA","NGA",0.0136015818466671
"THA","NOR",0.0119233678252616
"THA","PAK",0.306809932994571
"THA","CZE",0
"THA","PNG",3.90219310644924e-05
"THA","PHL",0.307626792084855
"THA","QAT",1.30073103548308e-05
"THA","ROU",0.00292664482983693
"THA","SYC",0.000923519035192987
"THA","SGP",0.0711521555259836
"THA","ZAF",0.0588580793556094
"THA","ESP",0.520629520319928
"THA","SWE",0
"THA","CHE",0.220148727755511
"THA","TWN",0.0182895290618108
"THA","TZA",0.00195109655322462
"THA","TGO",1.19233678252616e-05
"THA","OMN",1.19233678252616e-05
"THA","TUR",0
"THA","ARE",2.92664482983693e-05
"THA","GBR",0.000663964069476136
"THA","USA",0.00615594189882287
"THA","VNM",2.37219738653697
"THA","ETH",0.0884334512749059
"THA","BEL",0
"THA","SDN",0.00590694481488754
"TGO","CMR",0.0406422179753501
"TGO","CAN",0.0447403082878646
"TGO","CHN",0.909369627198458
"TGO","COG",0.974735861108813
"TGO","BEN",8.30103528950434
"TGO","GNQ",2.38976241695059
"TGO","FRA",0.0535698301430094
"TGO","GAB",0.102282915237964
"TGO","DEU",0.0508027724691876
"TGO","GHA",10.060224824242
"TGO","GTM",0.0650275487605602
"TGO","GIN",0.164600982800168
"TGO","IND",0.900143843718054
"TGO","IDN",0.0386101070765826
"TGO","ITA",0.0243853307852101
"TGO","CIV",2.41129263192303
"TGO","MYS",0.174014736538708
"TGO","MLI",1.89210158416688
"TGO","MRT",0.184922091787843
"TGO","MAR",0.0914449904445377
"TGO","NLD",0.0671341703922825
"TGO","NER",45.5964637043273
"TGO","NGA",1.77384992464314
"TGO","SEN",11.7063392575714
"TGO","SLE",0.182889980889075
"TGO","ESP",0.160536761002633
"TGO","TJK",4.06422179753501
"TGO","CHE",0.0576103439800588
"TGO","THA",0.217435866168123
"TGO","USA",0.0329303571145274
"TGO","BFA",6.99787724503293
"TGO","BEL",0.057661146752528
"TON","CHN",0
"TON","KOR",0
"TON","NZL",100
"TTO","ATG",39.9221518039822
"TTO","BRB",5.01023005139977
"TTO","GRD",17.2912820000998
"TTO","GUY",0.149708069264933
"TTO","VCT",0
"TTO","USA",0.199610759019911
"TTO","BFA",37.4270173162333
"OMN","BHR",0.549036494966213
"OMN","BGD",0.0314269011319897
"OMN","BRN",0.0181309044992248
"OMN","CMR",0.0265919932655298
"OMN","CHN",0.186724141802684
"OMN","EGY",0.0259876297822223
"OMN","FRA",0.000120872696661499
"OMN","DJI",0.129728269955999
"OMN","GRC",0.000290094471987598
"OMN","IND",0.134192867833596
"OMN","IRN",0.0380767590283208
"OMN","IRQ",0.257495105697991
"OMN","CIV",0.229658123656848
"OMN","JOR",0.794277153393334
"OMN","KEN",0.0103829646432228
"OMN","KWT",0.902285416662056
"OMN","LBN",0.0884425521472188
"OMN","LBY",0.0253832662989148
"OMN","MAR",0.241174269831272
"OMN","NOR",2.41745393322998e-05
"OMN","PAK",0.109591244973092
"OMN","PHL",0.106367973062119
"OMN","QAT",1.41533164520107
"OMN","RUS",0.0423054438315246
"OMN","SAU",26.0879955625187
"OMN","SEN",0.214391902068501
"OMN","SYC",0.0429098073148321
"OMN","SLE",0.0410967168649096
"OMN","SGP",0.0137311383407463
"OMN","SOM",6.05285198055887
"OMN","ZAF",0.0157134505659949
"OMN","ESP",0.0761497988967443
"OMN","SWE",0.0140695818913985
"OMN","CHE",0.0459316247313696
"OMN","SYR",0.512688593797053
"OMN","TZA",0.0554253116777256
"OMN","THA",0.0698160695916818
"OMN","TUN",0.0217570853990698
"OMN","TUR",37.3496632684032
"OMN","ARE",15.6141507677661
"OMN","GBR",0.0145047235993799
"OMN","UKR",0
"OMN","USA",0.0335502315033434
"OMN","ETH",0.059831984847442
"OMN","YEM",8.28382195875788
"OMN","SDN",0.0169221775326099
"TUN","DZA",2.74832552541686
"TUN","GAB",1.44287090084385
"TUN","LBY",27.0979171127924
"TUN","MAR",68.7081381354215
"TUN","SWE",0.00274832552541686
"TUR","ALB",0.0475283863317002
"TUR","DZA",0.0211310175131803
"TUR","AUT",0.00250098618238188
"TUR","BGR",0.0750006388721234
"TUR","CYP",0.0786093149223195
"TUR","AZE",0.000836556720727274
"TUR","DNK",0.00214204835065115
"TUR","EGY",0.0224046678838377
"TUR","FRA",0.0246161880728884
"TUR","GEO",2.98984503589948
"TUR","DEU",0.0087163999911902
"TUR","BIH",0.00117175834100485
"TUR","GRC",0.674604357005025
"TUR","HKG",0.0584663413330432
"TUR","HUN",0.0391087854723389
"TUR","HRV",8.6839797999371e-05
"TUR","IRN",0.0164686852472585
"TUR","IRQ",7.91811894523827
"TUR","ITA",18.7717423024936
"TUR","KAZ",0.388914930000116
"TUR","JOR",0.0602205052526305
"TUR","KGZ",0.000266308713864738
"TUR","KOR",0.000515249468129601
"TUR","KWT",0.0525207098300196
"TUR","LBN",0.131070201780384
"TUR","LBY",0.00256177404098144
"TUR","MRT",0.00289465993331237
"TUR","MEX",0.00361253559677383
"TUR","NLD",0.00911238947006733
"TUR","MKD",0.00120417853225794
"TUR","CZE",0.113470669385845
"TUR","QAT",0.00537248883622775
"TUR","ROU",0.754804577026693
"TUR","RWA",0.00310307544851086
"TUR","RUS",66.5026814981407
"TUR","SVN",0
"TUR","ESP",1.15786397332495e-05
"TUR","TJK",0.000567353346929224
"TUR","SWE",0.0155153772425543
"TUR","SYR",0.358756433041579
"TUR","TKM",0.0132668054063572
"TUR","THA",0.00115786397332495
"TUR","OMN",0.00087997661972696
"TUR","ARE",0.00395410546890469
"TUR","UKR",0.269174427198717
"TUR","USA",0.00178889983878704
"TUR","UZB",0.00698886694298938
"TUR","BEL",1.15786397332495e-05
"TUR","SRB",0.105987008571588
"ARE","AFG",13.6907634571725
"ARE","DZA",0.886505665687064
"ARE","ATG",0.00063879069761806
"ARE","AUT",0.528383896113468
"ARE","BHR",2.67828255532388
"ARE","BGD",0.0127349610589089
"ARE","BRN",0.010554902108317
"ARE","BGR",0.0475379123808788
"ARE","BDI",0.0203595965368733
"ARE","CMR",0.0253510773368655
"ARE","CAN",0
"ARE","CAF",0.0139122671702166
"ARE","LKA",0.0285722660872574
"ARE","TCD",0.0528766427752158
"ARE","CHL",0.0668873282796584
"ARE","CHN",0.000683357490475133
"ARE","COM",0.0329200043237586
"ARE","COG",0.0219268620856804
"ARE","AZE",0.0134665992416458
"ARE","BEN",0.0176113109773537
"ARE","EGY",0.0172919156285447
"ARE","FRA",0.0053034483499918
"ARE","DJI",8.16542722630459
"ARE","GEO",0.000185694970237808
"ARE","GAB",0.0100027690634766
"ARE","GMB",0.00161183234166417
"ARE","DEU",0.0134294602475983
"ARE","BIH",0.0378817739285128
"ARE","GHA",0.0110292201180101
"ARE","GIN",2.97111952380493e-05
"ARE","HTI",0
"ARE","HKG",0.000797250405554322
"ARE","HRV",0.0297111952380493
"ARE","IND",0.0477731260098467
"ARE","IRN",2.95886594124579
"ARE","IRQ",0.918165066441437
"ARE","IRL",0.000698213088094158
"ARE","ITA",0.320880908570932
"ARE","CIV",0.0326823147618542
"ARE","JOR",0.238979876669018
"ARE","KEN",0.307712906841429
"ARE","KOR",0.00854196863093917
"ARE","KWT",2.72061577098766
"ARE","LBN",0.070269452670923
"ARE","LBY",0.241653530535737
"ARE","MDG",0.378669183308938
"ARE","MYS",0.0623132897727608
"ARE","MDV",0.0063928588420536
"ARE","MLI",0.0268143537023395
"ARE","MLT",0.356831454808972
"ARE","MRT",0.0203878221723494
"ARE","MAR",2.55655735969872
"ARE","NLD",7.0564088690367e-05
"ARE","NZL",0.00734856895554419
"ARE","NER",0.0431703666808856
"ARE","NGA",0.0233418577588925
"ARE","PAK",2.12610799099268
"ARE","PER",0.0891335857141478
"ARE","PHL",0.123717416971237
"ARE","ERI",0.356357932634865
"ARE","QAT",2.81586532371046
"ARE","RWA",0.441211249285032
"ARE","RUS",0.0631362898808547
"ARE","SAU",9.19807724148161
"ARE","SEN",0.179951424808353
"ARE","SYC",0.00453590913967552
"ARE","SVN",0.0490234721427813
"ARE","SGP",0.0171879264452115
"ARE","SOM",29.116666222168
"ARE","ZAF",0.0169700443467991
"ARE","ESP",0.000215406165475857
"ARE","TJK",0.140504242280735
"ARE","SWE",0.0188814645737803
"ARE","SYR",0.250410905332152
"ARE","TKM",0.00445296538630264
"ARE","TZA",0.102067859374445
"ARE","TGO",0.0112382595987921
"ARE","OMN",11.5696555694596
"ARE","TUN",0.0913879226528348
"ARE","TUR",0.0222566563528227
"ARE","GBR",0.00951253434204878
"ARE","UKR",0.0746493780355988
"ARE","USA",0.158440890845945
"ARE","ETH",2.4112396385109
"ARE","YEM",1.72311967495491
"ARE","COD",0.00884120281155095
"ARE","BEL",0.0163411573809271
"ARE","SDN",0.338469936151857
"ARE","SSD",0.209374792842533
"UGA","BDI",1.08530920466976
"UGA","CPV",0.0758708578539812
"UGA","CAF",0.0816763834956969
"UGA","COL",0.101161143805308
"UGA","COG",0.815845891244662
"UGA","DEU",0.00696887879547679
"UGA","GHA",0.00281003177236967
"UGA","IND",0.233232637106683
"UGA","KEN",1.28776906675257
"UGA","MWI",0.0151741715707962
"UGA","MOZ",0
"UGA","RWA",14.711359337887
"UGA","SAU",0.000112401270894787
"UGA","SOM",0.0379354289269906
"UGA","CHE",0.0672440603128063
"UGA","TZA",5.09039363088596
"UGA","THA",0
"UGA","OMN",0.00140501588618484
"UGA","USA",0.000281003177236967
"UGA","COD",25.4453252393199
"UGA","SDN",4.41610191932784
"UGA","SSD",38.8214143821202
"GBR","DZA",0.0288418479061794
"GBR","ARG",0.00512592083640629
"GBR","AUS",0.0534047723713016
"GBR","AUT",0.0479040601802334
"GBR","BHR",0.00280217005723544
"GBR","BRB",0.0034172805576042
"GBR","BGD",0.00189659070947033
"GBR","BWA",0
"GBR","BRA",0.0820147333825007
"GBR","BGR",0.370299938502548
"GBR","CAN",0.0223554222477769
"GBR","CHL",0.0102518416728126
"GBR","CHN",0.531634879547879
"GBR","COL",0
"GBR","COG",0.00259713322377919
"GBR","CRI",0.0291152303507877
"GBR","CYP",0.095342127557157
"GBR","DNK",0.0783842796091603
"GBR","BLR",0.00413490947470108
"GBR","EGY",0.0408023298577941
"GBR","GNQ",0
"GBR","EST",0.00345600973725704
"GBR","FRO",0.0136691222304168
"GBR","FIN",1.11708105471261
"GBR","FRA",9.31245144054867
"GBR","DEU",15.6132162462565
"GBR","BIH",0.0489810213256601
"GBR","GHA",0.0117098813773904
"GBR","GRC",0.0973703840763468
"GBR","GUY",0.00174281308437814
"GBR","HKG",0.0151727256757626
"GBR","HUN",0.238366192058303
"GBR","HRV",0.000464750155834171
"GBR","ISL",0.0406387885739659
"GBR","IND",0.0108772040148542
"GBR","IDN",0.00119604819516147
"GBR","IRN",0.102518416728126
"GBR","IRQ",0.0676621550405631
"GBR","IRL",43.023820069588
"GBR","ISR",0.0310084037797005
"GBR","ITA",0.653709497905122
"GBR","JPN",0.0169573055225115
"GBR","JOR",0.0297559704553385
"GBR","KEN",0.0186412654417309
"GBR","KOR",0.0332425458686941
"GBR","KWT",0.0128148020910157
"GBR","LVA",0.00913390274753921
"GBR","LBN",0.00531387126707452
"GBR","LBY",0.0254587401541513
"GBR","LTU",0.0144835740966458
"GBR","MAC",0.000478419278064587
"GBR","MYS",0.0369066300221253
"GBR","MDV",0
"GBR","MLT",0.395007479983537
"GBR","MUS",0.0034172805576042
"GBR","MEX",0.000939752153341154
"GBR","MAR",0.0231623276194412
"GBR","NLD",8.8360949572934
"GBR","MKD",0.00683456111520839
"GBR","NZL",0.116255884569695
"GBR","NOR",0.148292076159006
"GBR","PAK",0.029290976208036
"GBR","CZE",0.0418753559528818
"GBR","POL",1.62138856296507
"GBR","PRT",0.0393779451890109
"GBR","QAT",0
"GBR","ZWE",0.00246044200147502
"GBR","ROU",0.260932152443464
"GBR","RUS",0.836016330414381
"GBR","SAU",0.0505142412025052
"GBR","SEN",0.0307555250184378
"GBR","SLE",0.0615110500368755
"GBR","SVN",0.000683456111520839
"GBR","SVK",0.00516294137578034
"GBR","SGP",0.0141236205445781
"GBR","ZAF",0.0224594192955156
"GBR","ESP",2.27434466885462
"GBR","SWE",0.710842508571348
"GBR","CHE",0.0235724012863537
"GBR","TWN",2.5262331954103
"GBR","THA",0.010627742534149
"GBR","TTO",0.0205036833456252
"GBR","OMN",0.017935027459826
"GBR","TUN",0
"GBR","TUR",0.0693058669887707
"GBR","ARE",0.0333765792061202
"GBR","UKR",0.0201277824842887
"GBR","USA",0.214200027179999
"GBR","VNM",0.0172230940103251
"GBR","BEL",9.46792372613556
"GBR","LUX",0.0274065900719856
"GBR","SDN",0.00116187538958543
"UKR","ARM",0.484968454194728
"UKR","ALB",0.00609540233098362
"UKR","BGR",0.101327978014817
"UKR","AZE",0.103447685274408
"UKR","BLR",1.23560216425744
"UKR","GEO",1.13499915955283
"UKR","DEU",0
"UKR","GRC",2.1147314209535
"UKR","HUN",0.0945409341132154
"UKR","KAZ",3.84047474263341
"UKR","KGZ",0.0628199627989129
"UKR","LTU",0.195285080394561
"UKR","MYS",1.49399555092068
"UKR","MDA",1.66004861595276
"UKR","NLD",0.0287976661147492
"UKR","MKD",0.279542614656865
"UKR","CZE",9.9516772750753e-05
"UKR","POL",0.101870344426308
"UKR","ROU",0.9980592426269
"UKR","RUS",80.7297680876813
"UKR","SGP",2.14956229141627
"UKR","ESP",0
"UKR","TJK",0.0161714755719974
"UKR","TKM",0.104492611388291
"UKR","GBR",0.256255689833189
"UKR","UZB",1.94199873682184
"UKR","SRB",0.865044571297283
"USA","ATG",0.0441275062297098
"USA","ARG",0.0238809436724288
"USA","AUS",0.0693482703460939
"USA","AUT",0.007462794897634
"USA","BHS",0.0424886764701894
"USA","BRB",0.0215699648524615
"USA","BOL",0.0107016478832072
"USA","BRA",1.2548510513294
"USA","BLZ",0.0029851179590536
"USA","CMR",0.0304482031823467
"USA","CAN",69.0748995754721
"USA","LKA",0.0042575244891002
"USA","CHL",0.0629412121666451
"USA","CHN",0.0197913320685254
"USA","COL",0.862160702820304
"USA","COG",0.0190898293481478
"USA","CRI",0.0509943436490899
"USA","DNK",0.067836805619493
"USA","DOM",0.963971349154497
"USA","ECU",0.0468613767605431
"USA","EGY",0.022388384692902
"USA","SLV",0.679796648361049
"USA","GNQ",0.007462794897634
"USA","FIN",0.0162987440564327
"USA","FRA",0.0117937035365609
"USA","DEU",0.0470554094278816
"USA","BIH",0.0582098002015452
"USA","GHA",0.0413289581430971
"USA","GTM",0.221060778230601
"USA","GUY",0.0277765226089937
"USA","HTI",1.47320446971962
"USA","HND",0.157975156136716
"USA","HKG",0.00768667874456302
"USA","HRV",0.03731397448817
"USA","IND",0.0233846678117361
"USA","IDN",0.101309928333681
"USA","IRL",0.007462794897634
"USA","ISR",0.00488066786305263
"USA","ITA",0.0108459285845614
"USA","JAM",3.15700886930199
"USA","JPN",0.943843415960264
"USA","JOR",0.0225674917704452
"USA","KEN",0.0507470053039112
"USA","KHM",0.0104479128566876
"USA","KOR",0.0750010887212217
"USA","KWT",0.103419411691412
"USA","LBN",0.0253735026519556
"USA","LBR",0.0190599781685572
"USA","MYS",5.74687873127524
"USA","MEX",8.47169298281462
"USA","NLD",3.6948581124392
"USA","NZL",0.0134330308157412
"USA","NIC",0.0188174373343841
"USA","NGA",0.0590804596062692
"USA","NOR",0.007462794897634
"USA","PAK",0.0059702359181072
"USA","PAN",0.0677363971063249
"USA","PHL",0.0361945552535249
"USA","QAT",0.0152091760013781
"USA","RUS",0.0283586206110092
"USA","KNA",0.0324538293110859
"USA","LCA",0.0151569364370946
"USA","VCT",0.0463961958785906
"USA","SAU",0.0288586278691507
"USA","SLE",0.00899266785164897
"USA","SGP",0.00252739987199871
"USA","ZAF",0.149788243988711
"USA","ESP",0.0955237746897152
"USA","TJK",0.0716428310172864
"USA","SWE",0.0291049001007726
"USA","TWN",0.0805981848944472
"USA","THA",0.0860348309773735
"USA","TTO",0.114555394237661
"USA","TUR",0.0567172412220184
"USA","ARE",0.0131554148455492
"USA","GBR",0.0631427076288813
"USA","VEN",0.840217420537368
"USA","VNM",0.0391572848278856
"USA","BEL",0.00841803264453115
"USA","PSE",0.00649263156094158
"BFA","BEN",0.313665087290699
"BFA","GMB",16.9838169215939
"BFA","GHA",5.48276372093498
"BFA","CIV",14.0766770881679
"BFA","MLI",53.332245280998
"BFA","NER",4.30256695347046
"BFA","USA",5.50826494754398
"URY","ARG",16.1031905462885
"URY","BRA",69.9519954130306
"URY","COL",0.48492562440528
"URY","DNK",13.4507388761925
"URY","SWE",0.00914954008311849
"VEN","BRA",13.7443064210651
"VEN","CHL",5.36027950421538
"VEN","COL",43.5109006094225
"VEN","ECU",17.4552691547526
"VEN","FRA",0
"VEN","MEX",4.67306418316213
"VEN","PER",6.73471014632189
"VEN","TTO",2.19908902737041
"VEN","USA",6.32238095368993
"VNM","AUS",0.0118013756807983
"VNM","MMR",0.0893367983132746
"VNM","CHN",0.501659373962144
"VNM","EGY",0.0384217426480714
"VNM","KIR",0.00543939628284353
"VNM","KHM",98.2358208705576
"VNM","LAO",0.218575316355112
"VNM","VUT",0.021238632129124
"VNM","PAK",0.524270668816355
"VNM","PNG",0.0519337411881385
"VNM","PRT",0.122684333828234
"VNM","SGP",0.0361729463049877
"VNM","TWN",0.00221035537995408
"VNM","THA",0.0435920521890075
"VNM","GBR",0.00207581200900036
"ETH","BEN",0.0169847446112038
"ETH","DJI",35.8733246865543
"ETH","HKG",0.00154406769192761
"ETH","IDN",18.7032919523192
"ETH","JPN",0
"ETH","SOM",27.7993947254648
"ETH","ZAF",0
"ETH","USA",17.6023716879748
"ETH","COD",0.00308813538385523
"YEM","CAN",0.0212090449430489
"YEM","CHN",0.441855102980185
"YEM","DJI",1.38363769390366
"YEM","IDN",2.6386955528401
"YEM","JOR",2.75212606999087
"YEM","MYS",13.4085770364751
"YEM","MRT",0.378732945411587
"YEM","NLD",0.0088371020596037
"YEM","ERI",9.20534525010298
"YEM","SAU",34.1987012604604
"YEM","SGP",4.54479534493905
"YEM","SOM",12.7728948283209
"YEM","OMN",0.00641321120896954
"YEM","TUR",0
"YEM","ARE",0.159993628717206
"YEM","ETH",18.0781859276464
"COD","BDI",18.1054063350172
"COD","CAN",0.0709527253025816
"COD","CAF",0.0110979236656801
"COD","COG",27.5470441644779
"COD","FRA",0.0538249297785486
"COD","DEU",0.000110979236656801
"COD","RWA",43.4437932576256
"COD","ZAF",0.0431709230594957
"COD","CHE",0.00277448091642003
"COD","ARE",0.000776854656597609
"COD","UGA",1.419905346866
"COD","USA",0.355133557301764
"COD","BEL",0.182061437735482
"ZMB","COG",1.06886610815568
"ZMB","KEN",47.0555187389691
"ZMB","MWI",3.19114842914776
"ZMB","MOZ",9.46545287193734
"ZMB","ZWE",1.11756857005052
"ZMB","ZAF",8.14327122123687
"ZMB","TZA",0.588193984237114
"ZMB","GBR",0
"ZMB","COD",28.8758971295064
"ZMB","BEL",0.494082946759176
"BEL","ARM",0.00253689806796212
"BEL","ALB",0.00691881291262398
"BEL","DZA",0.0963098757437258
"BEL","ARG",0.328685126227115
"BEL","AUT",1.12776021492779
"BEL","BRA",0.00922508388349864
"BEL","BGR",0.0825057956780542
"BEL","CAN",0.00132610580825293
"BEL","CPV",0.175737847980649
"BEL","CAF",0.0027213997456321
"BEL","CHL",0.0357472000485572
"BEL","CHN",0.00494566997087566
"BEL","COL",0.0576567742718665
"BEL","COG",0.00146063828155395
"BEL","CUB",0.0345940645631199
"BEL","CYP",0.010378219368936
"BEL","DNK",0.299832797802055
"BEL","BLR",0.0230627097087466
"BEL","ECU",0.00230627097087466
"BEL","EGY",0.0163837489770936
"BEL","GNQ",0.00230627097087466
"BEL","EST",0.236426320274229
"BEL","FIN",0.0157152017215365
"BEL","FRA",26.9313398378256
"BEL","GEO",0.0087638296893237
"BEL","GMB",0
"BEL","DEU",33.9501935436412
"BEL","BIH",0.0681733698990549
"BEL","GHA",0.205258116407845
"BEL","GRC",0.571344588081769
"BEL","GIN",0.0461254194174932
"BEL","HTI",0.0162592103446663
"BEL","HKG",0.00435500835000165
"BEL","HUN",2.89957762829993
"BEL","HRV",0.0495340879124459
"BEL","ISL",0.111900267506838
"BEL","IND",0.0127998038883544
"BEL","IDN",0.0807194839806131
"BEL","IRN",0.0438191484466185
"BEL","IRQ",0.466212676762312
"BEL","IRL",0.25455465841029
"BEL","ISR",0.0922508388349864
"BEL","ITA",1.71430886942541
"BEL","CIV",0.00622693162136158
"BEL","KAZ",0.332718025398184
"BEL","JPN",0.000599630452427411
"BEL","KEN",0
"BEL","KOR",2.30627097087466e-05
"BEL","LVA",0.0592874435112732
"BEL","LAO",0.05096858845633
"BEL","LBN",0.00115313548543733
"BEL","LBR",0.00615005592233242
"BEL","LBY",0.0510608392951649
"BEL","LTU",0.799465372647244
"BEL","MYS",0.00364390813398196
"BEL","MLI",0.00768910741689611
"BEL","MLT",0.0377213679996259
"BEL","MEX",0.00541973678155545
"BEL","MAR",0.0792329875093857
"BEL","MDA",0.029546213975618
"BEL","NLD",15.6378349018985
"BEL","NCL",0.0178736000242786
"BEL","MKD",0.05059958510099
"BEL","NZL",0.0199876817475804
"BEL","NGA",0.110701006601984
"BEL","NOR",0.0993387782854745
"BEL","CZE",0.17364018970214
"BEL","PER",0.00461254194174932
"BEL","POL",3.08325785418228
"BEL","PRT",0.576238795648608
"BEL","GNB",0.47047927805843
"BEL","ROU",0.347764905969161
"BEL","RWA",0.00345940645631199
"BEL","RUS",2.49904482319516
"BEL","SAU",0.00161438967961226
"BEL","SEN",0.0145295071165104
"BEL","SYC",6.70915191527173e-05
"BEL","SVN",0.0912706736723646
"BEL","SVK",0.230338813216107
"BEL","SGP",0.00299815226213706
"BEL","ESP",1.06059636273098
"BEL","SUR",0.0749384314136206
"BEL","SWE",0.0106503593434992
"BEL","CHE",0.112011737270431
"BEL","SYR",0.0835331345650802
"BEL","TWN",0.00986161467146004
"BEL","OMN",0.0115313548543733
"BEL","TUN",0.0058886785456333
"BEL","TUR",0.10006653490295
"BEL","ARE",0.0686346240932299
"BEL","GBR",2.19032005289898
"BEL","UKR",0.561546231128368
"BEL","USA",0.27242953969622
"BEL","URY",0.269295573699131
"BEL","VNM",0.00330949884320514
"BEL","COD",0.00192189247572888
"BEL","LUX",0.0627043627831217
"BEL","SRB",0.0364333156623924
"BEL","SDN",0.0276752516504959
"LUX","FRA",33.9981867633726
"LUX","DEU",61.408280447265
"LUX","POL",0.725294650951949
"LUX","CHE",0
"LUX","GBR",0
"LUX","BEL",3.8682381384104
"SRB","DEU",9.31025293808939
"SRB","BIH",24.3989240603841
"SRB","GRC",9.69818014384311
"SRB","HUN",3.87927205753725
"SRB","HRV",3.38272523417248
"SRB","IRQ",0.349134485178352
"SRB","ITA",0.00775854411507449
"SRB","MYS",4.42237014559246
"SRB","NLD",5.23701727767528
"SRB","MKD",15.3638569838763
"SRB","CZE",0.00775854411507449
"SRB","ROU",0.0193963602876862
"SRB","SVK",3.27151943518974
"SRB","MNE",20.6518337899437
"MNE","ALB",18.7426786411558
"MNE","MKD",81.2573213588442
